1.300000e-02   2.433090e-20 
1.320000e-02   2.392573e-20 
1.340000e-02   2.354594e-20 
1.430000e-02   3.313665e-20 
1.450000e-02   3.275013e-20 
1.500000e-02   3.185646e-20 
2.000000e-02   2.513940e-20 
2.500000e-02   1.982709e-20 
3.000000e-02   2.117255e-20 
3.500000e-02   1.808354e-20 
4.000000e-02   1.549739e-20 
4.500000e-02   1.322487e-20 
5.000000e-02   1.121398e-20 
5.500000e-02   9.482840e-21 
6.000000e-02   8.038256e-21 
6.500000e-02   6.858328e-21 
7.000000e-02   5.896585e-21 
7.500000e-02   3.815966e-20 
8.000000e-02   4.025120e-20 
8.500000e-02   3.840608e-20 
9.000000e-02   3.632022e-20 
9.523900e-02   3.359341e-20 
1.006800e-01   2.979457e-20 
1.142900e-01   2.120379e-20 
1.197300e-01   1.850644e-20 
1.224500e-01   1.729164e-20 
1.251700e-01   1.615748e-20 
1.278900e-01   1.509829e-20 
1.306100e-01   1.410892e-20 
1.333300e-01   1.318471e-20 
1.360600e-01   1.231828e-20 
1.469400e-01   9.398885e-21 
1.496600e-01   8.785651e-21 
1.551000e-01   7.678663e-21 
1.578200e-01   7.179770e-21 
1.605500e-01   6.712461e-21 
1.659900e-01   9.227626e-21 
1.714300e-01   8.386281e-21 
1.768700e-01   9.020220e-21 
1.795900e-01   8.635523e-21 
1.823100e-01   8.232752e-21 
1.850400e-01   7.830528e-21 
1.877600e-01   7.442373e-21 
1.904800e-01   7.072189e-21 
1.959200e-01   6.389734e-21 
1.986400e-01   6.075431e-21 
2.040800e-01   5.496974e-21 
2.068000e-01   5.231511e-21 
2.095300e-01   4.979844e-21 
2.122500e-01   4.742891e-21 
2.149700e-01   4.518836e-21 
2.204100e-01   4.106179e-21 
2.258500e-01   3.735997e-21 
2.367400e-01   3.686910e-21 
2.476200e-01   3.101652e-21 
2.585100e-01   2.613768e-21 
2.721100e-01   2.122976e-21 
2.857200e-01   1.735644e-21 
2.993200e-01   1.427877e-21 
3.129300e-01   1.181075e-21 
3.401400e-01   8.201954e-22 
3.537400e-01   6.879816e-22 
3.809500e-01   4.893141e-22 
3.945600e-01   4.146057e-22 
4.081700e-01   3.522746e-22 
4.353800e-01   2.561879e-22 
4.625900e-01   1.878319e-22 
4.761900e-01   1.612583e-22 
4.898000e-01   1.386391e-22 
5.034000e-01   1.193710e-22 
5.170100e-01   1.029006e-22 
5.578300e-01   6.636018e-23 
5.714300e-01   5.744821e-23 
5.850400e-01   4.977052e-23 
6.122500e-01   3.744727e-23 
6.666700e-01   2.136769e-23 
6.802800e-01   1.859635e-23 
7.074900e-01   1.438159e-23 
7.347000e-01   1.104413e-23 
7.619100e-01   8.368492e-24 
7.891200e-01   6.352906e-24 
8.163300e-01   4.829689e-24 
8.435400e-01   3.675617e-24 
8.707500e-01   2.799345e-24 
9.115700e-01   1.861641e-24 
9.523900e-01   1.237728e-24 
9.932000e-01   1.139616e-24 
1.020400e+00   8.528092e-25 
1.061200e+00   7.010160e-25 
1.088400e+00   5.214187e-25 
1.102000e+00   4.493631e-25 
1.115700e+00   3.866023e-25 
1.129300e+00   3.327428e-25 
1.142900e+00   2.861641e-25 
1.156500e+00   2.458911e-25 
1.170100e+00   2.110795e-25 
1.197300e+00   5.173160e-25 
1.210900e+00   4.456941e-25 
1.224500e+00   3.832228e-25 
1.227200e+00   3.718289e-25 
1.229900e+00   3.607444e-25 
1.232700e+00   3.495734e-25 
1.235400e+00   3.391023e-25 
1.238100e+00   3.289243e-25 
1.240800e+00   3.190267e-25 
1.243500e+00   3.094057e-25 
1.246300e+00   2.997015e-25 
1.249000e+00   2.906143e-25 
1.257200e+00   2.645509e-25 
1.259900e+00   2.564448e-25 
1.262600e+00   2.485686e-25 
1.270800e+00   2.259690e-25 
1.281600e+00   1.990566e-25 
1.289800e+00   1.806011e-25 
1.292500e+00   1.748687e-25 
1.295200e+00   1.693011e-25 
1.298000e+00   1.636980e-25 
1.300700e+00   1.584490e-25 
1.303400e+00   1.533564e-25 
1.306100e+00   1.484072e-25 
1.314300e+00   1.342373e-25 
1.330600e+00   1.096033e-25 
1.341500e+00   9.544516e-26 
1.355100e+00   8.005086e-26 
1.360600e+00   7.447431e-26 
1.371400e+00   6.448621e-26 
1.382300e+00   5.560734e-26 
1.390500e+00   4.964271e-26 
1.395900e+00   4.601899e-26 
1.404100e+00   4.094715e-26 
1.406800e+00   3.938585e-26 
1.409500e+00   3.787091e-26 
1.415000e+00   3.494203e-26 
1.417700e+00   3.357853e-26 
1.420400e+00   3.225824e-26 
1.423100e+00   3.098168e-26 
1.425900e+00   2.970090e-26 
1.428600e+00   2.851013e-26 
1.431300e+00   2.735820e-26 
1.436700e+00   2.516847e-26 
1.439500e+00   2.409248e-26 
1.442200e+00   2.309037e-26 
1.444900e+00   2.212415e-26 
1.447600e+00   2.119086e-26 
1.450400e+00   2.025919e-26 
1.453100e+00   1.939321e-26 
1.455800e+00   1.855491e-26 
1.458500e+00   1.774783e-26 
1.461200e+00   1.696763e-26 
1.466700e+00   1.546605e-26 
1.469400e+00   1.476939e-26 
1.472100e+00   1.409886e-26 
1.477600e+00   1.280822e-26 
1.480300e+00   1.221145e-26 
1.488400e+00   1.055128e-26 
1.491200e+00   1.002006e-26 
1.496600e+00   9.057410e-27 
1.551000e+00   2.802279e-27 
1.632700e+00   1.301959e-28 
1.823100e+00   0.000000e+00 
2.340200e+00   0.000000e+00 
2.829900e+00   0.000000e+00 
3.047600e+00   0.000000e+00 
3.700700e+00   0.000000e+00 
