1.300000e-02   2.496493e-20 
1.320000e-02   2.455787e-20 
1.340000e-02   2.417663e-20 
1.430000e-02   3.408174e-20 
1.450000e-02   3.369644e-20 
1.500000e-02   3.280707e-20 
2.000000e-02   2.614825e-20 
2.500000e-02   2.084322e-20 
3.000000e-02   2.249624e-20 
3.500000e-02   1.943147e-20 
4.000000e-02   1.682988e-20 
4.500000e-02   1.451652e-20 
5.000000e-02   1.244109e-20 
5.500000e-02   1.063267e-20 
6.000000e-02   9.109797e-21 
6.500000e-02   7.857818e-21 
7.000000e-02   6.831761e-21 
7.500000e-02   4.437058e-20 
8.000000e-02   4.730737e-20 
8.500000e-02   4.565051e-20 
9.000000e-02   4.367657e-20 
9.523900e-02   4.089484e-20 
1.006800e-01   3.673255e-20 
1.142900e-01   2.700120e-20 
1.197300e-01   2.388041e-20 
1.224500e-01   2.246231e-20 
1.251700e-01   2.113032e-20 
1.278900e-01   1.987874e-20 
1.306100e-01   1.870242e-20 
1.333300e-01   1.759668e-20 
1.360600e-01   1.655354e-20 
1.469400e-01   1.298429e-20 
1.496600e-01   1.222210e-20 
1.551000e-01   1.083304e-20 
1.578200e-01   1.020090e-20 
1.605500e-01   9.604941e-21 
1.659900e-01   1.337976e-20 
1.714300e-01   1.233012e-20 
1.768700e-01   1.344904e-20 
1.795900e-01   1.296596e-20 
1.823100e-01   1.244826e-20 
1.850400e-01   1.192377e-20 
1.877600e-01   1.141252e-20 
1.904800e-01   1.092135e-20 
1.959200e-01   1.000756e-20 
1.986400e-01   9.582727e-21 
2.040800e-01   8.793930e-21 
2.068000e-01   8.428878e-21 
2.095300e-01   8.080910e-21 
2.122500e-01   7.751503e-21 
2.149700e-01   7.438317e-21 
2.204100e-01   6.856766e-21 
2.258500e-01   6.329242e-21 
2.367400e-01   6.492320e-21 
2.476200e-01   5.630500e-21 
2.585100e-01   4.892631e-21 
2.721100e-01   4.130551e-21 
2.857200e-01   3.511496e-21 
2.993200e-01   3.004981e-21 
3.129300e-01   2.586577e-21 
3.401400e-01   1.947310e-21 
3.537400e-01   1.701631e-21 
3.809500e-01   1.315045e-21 
3.945600e-01   1.162208e-21 
4.081700e-01   1.030375e-21 
4.353800e-01   8.168493e-22 
4.625900e-01   6.539616e-22 
4.761900e-01   5.870647e-22 
4.898000e-01   5.280080e-22 
5.034000e-01   4.758028e-22 
5.170100e-01   4.294674e-22 
5.578300e-01   3.188370e-22 
5.714300e-01   2.895560e-22 
5.850400e-01   2.632985e-22 
6.122500e-01   2.185607e-22 
6.666700e-01   1.527227e-22 
6.802800e-01   1.400118e-22 
7.074900e-01   1.204626e-22 
7.347000e-01   1.031068e-22 
7.619100e-01   8.722487e-23 
7.891200e-01   7.410976e-23 
8.163300e-01   6.320677e-23 
8.435400e-01   5.412039e-23 
8.707500e-01   4.650517e-23 
9.115700e-01   3.727553e-23 
9.523900e-01   3.007938e-23 
9.932000e-01   3.376718e-23 
1.020400e+00   2.907825e-23 
1.061200e+00   2.973924e-23 
1.088400e+00   2.575679e-23 
1.102000e+00   2.399989e-23 
1.115700e+00   2.236912e-23 
1.129300e+00   2.087601e-23 
1.142900e+00   1.949718e-23 
1.156500e+00   1.822278e-23 
1.170100e+00   1.704397e-23 
1.197300e+00   4.953613e-23 
1.210900e+00   4.673337e-23 
1.224500e+00   4.409394e-23 
1.227200e+00   4.359013e-23 
1.229900e+00   4.309291e-23 
1.232700e+00   4.258405e-23 
1.235400e+00   4.209991e-23 
1.238100e+00   4.162213e-23 
1.240800e+00   4.115052e-23 
1.243500e+00   4.068504e-23 
1.246300e+00   4.020869e-23 
1.249000e+00   3.975537e-23 
1.257200e+00   3.841422e-23 
1.259900e+00   3.798410e-23 
1.262600e+00   3.755948e-23 
1.270800e+00   3.630288e-23 
1.281600e+00   3.472067e-23 
1.289800e+00   3.357202e-23 
1.292500e+00   3.320339e-23 
1.295200e+00   3.283937e-23 
1.298000e+00   3.246669e-23 
1.300700e+00   3.211193e-23 
1.303400e+00   3.176156e-23 
1.306100e+00   3.141558e-23 
1.314300e+00   3.039097e-23 
1.330600e+00   2.842024e-23 
1.341500e+00   2.721219e-23 
1.355100e+00   2.578650e-23 
1.360600e+00   2.523441e-23 
1.371400e+00   2.418928e-23 
1.382300e+00   2.318439e-23 
1.390500e+00   2.246001e-23 
1.395900e+00   2.199717e-23 
1.404100e+00   2.131510e-23 
1.406800e+00   2.109584e-23 
1.409500e+00   2.087918e-23 
1.415000e+00   2.044568e-23 
1.417700e+00   2.023665e-23 
1.420400e+00   2.003009e-23 
1.423100e+00   1.982593e-23 
1.425900e+00   1.961672e-23 
1.428600e+00   1.941739e-23 
1.431300e+00   1.922035e-23 
1.436700e+00   1.883318e-23 
1.439500e+00   1.863597e-23 
1.442200e+00   1.844803e-23 
1.444900e+00   1.826227e-23 
1.447600e+00   1.807865e-23 
1.450400e+00   1.789047e-23 
1.453100e+00   1.771112e-23 
1.455800e+00   1.753384e-23 
1.458500e+00   1.735862e-23 
1.461200e+00   1.718538e-23 
1.466700e+00   1.683862e-23 
1.469400e+00   1.667134e-23 
1.472100e+00   1.650597e-23 
1.477600e+00   1.613261e-23 
1.480300e+00   1.597316e-23 
1.488400e+00   1.550553e-23 
1.491200e+00   1.534757e-23 
1.496600e+00   1.504811e-23 
1.551000e+00   1.237778e-23 
1.632700e+00   9.325985e-24 
1.823100e+00   4.974719e-24 
2.340200e+00   1.142899e-24 
2.829900e+00   3.408864e-25 
3.047600e+00   2.014670e-25 
3.700700e+00   4.527428e-26 
