1.300000e-02   2.054200e-20 
1.320000e-02   2.014288e-20 
1.340000e-02   1.977537e-20 
1.430000e-02   2.747673e-20 
1.450000e-02   2.708599e-20 
1.500000e-02   2.617622e-20 
2.000000e-02   1.927341e-20 
2.500000e-02   1.408794e-20 
3.000000e-02   1.388639e-20 
3.500000e-02   1.098393e-20 
4.000000e-02   8.705647e-21 
4.500000e-02   6.853056e-21 
5.000000e-02   5.343372e-21 
5.500000e-02   4.143600e-21 
6.000000e-02   3.214318e-21 
6.500000e-02   2.505508e-21 
7.000000e-02   1.964493e-21 
7.500000e-02   1.213499e-20 
8.000000e-02   1.185605e-20 
8.500000e-02   1.046075e-20 
9.000000e-02   9.152738e-21 
9.523900e-02   7.786018e-21 
1.006800e-01   6.298967e-21 
1.142900e-01   3.517437e-21 
1.197300e-01   2.775573e-21 
1.224500e-01   2.463717e-21 
1.251700e-01   2.185669e-21 
1.278900e-01   1.937834e-21 
1.306100e-01   1.717011e-21 
1.333300e-01   1.520347e-21 
1.360600e-01   1.344683e-21 
1.469400e-01   8.184634e-22 
1.496600e-01   7.215760e-22 
1.551000e-01   5.595316e-22 
1.578200e-01   4.921156e-22 
1.605500e-01   4.322531e-22 
1.659900e-01   4.517475e-22 
1.714300e-01   3.582344e-22 
1.768700e-01   3.169482e-22 
1.795900e-01   2.823097e-22 
1.823100e-01   2.500873e-22 
1.850400e-01   2.206797e-22 
1.877600e-01   1.943871e-22 
1.904800e-01   1.709742e-22 
1.959200e-01   1.318093e-22 
1.986400e-01   1.155225e-22 
2.040800e-01   8.840670e-23 
2.068000e-01   7.718963e-23 
2.095300e-01   6.726800e-23 
2.122500e-01   5.856186e-23 
2.149700e-01   5.089789e-23 
2.204100e-01   3.823286e-23 
2.258500e-01   2.847107e-23 
2.367400e-01   1.704518e-23 
2.476200e-01   8.488538e-24 
2.585100e-01   3.813674e-24 
2.721100e-01   1.108131e-24 
2.857200e-01   1.780919e-25 
2.993200e-01   1.012984e-27 
3.129300e-01   0.000000e+00 
3.401400e-01   0.000000e+00 
3.537400e-01   0.000000e+00 
3.809500e-01   0.000000e+00 
3.945600e-01   0.000000e+00 
4.081700e-01   0.000000e+00 
4.353800e-01   0.000000e+00 
4.625900e-01   0.000000e+00 
4.761900e-01   0.000000e+00 
4.898000e-01   0.000000e+00 
5.034000e-01   0.000000e+00 
5.170100e-01   0.000000e+00 
5.578300e-01   0.000000e+00 
5.714300e-01   0.000000e+00 
5.850400e-01   0.000000e+00 
6.122500e-01   0.000000e+00 
6.666700e-01   0.000000e+00 
6.802800e-01   0.000000e+00 
7.074900e-01   0.000000e+00 
7.347000e-01   0.000000e+00 
7.619100e-01   0.000000e+00 
7.891200e-01   0.000000e+00 
8.163300e-01   0.000000e+00 
8.435400e-01   0.000000e+00 
8.707500e-01   0.000000e+00 
9.115700e-01   0.000000e+00 
9.523900e-01   0.000000e+00 
9.932000e-01   0.000000e+00 
1.020400e+00   0.000000e+00 
1.061200e+00   0.000000e+00 
1.088400e+00   0.000000e+00 
1.102000e+00   0.000000e+00 
1.115700e+00   0.000000e+00 
1.129300e+00   0.000000e+00 
1.142900e+00   0.000000e+00 
1.156500e+00   0.000000e+00 
1.170100e+00   0.000000e+00 
1.197300e+00   0.000000e+00 
1.210900e+00   0.000000e+00 
1.224500e+00   0.000000e+00 
1.227200e+00   0.000000e+00 
1.229900e+00   0.000000e+00 
1.232700e+00   0.000000e+00 
1.235400e+00   0.000000e+00 
1.238100e+00   0.000000e+00 
1.240800e+00   0.000000e+00 
1.243500e+00   0.000000e+00 
1.246300e+00   0.000000e+00 
1.249000e+00   0.000000e+00 
1.257200e+00   0.000000e+00 
1.259900e+00   0.000000e+00 
1.262600e+00   0.000000e+00 
1.270800e+00   0.000000e+00 
1.281600e+00   0.000000e+00 
1.289800e+00   0.000000e+00 
1.292500e+00   0.000000e+00 
1.295200e+00   0.000000e+00 
1.298000e+00   0.000000e+00 
1.300700e+00   0.000000e+00 
1.303400e+00   0.000000e+00 
1.306100e+00   0.000000e+00 
1.314300e+00   0.000000e+00 
1.330600e+00   0.000000e+00 
1.341500e+00   0.000000e+00 
1.355100e+00   0.000000e+00 
1.360600e+00   0.000000e+00 
1.371400e+00   0.000000e+00 
1.382300e+00   0.000000e+00 
1.390500e+00   0.000000e+00 
1.395900e+00   0.000000e+00 
1.404100e+00   0.000000e+00 
1.406800e+00   0.000000e+00 
1.409500e+00   0.000000e+00 
1.415000e+00   0.000000e+00 
1.417700e+00   0.000000e+00 
1.420400e+00   0.000000e+00 
1.423100e+00   0.000000e+00 
1.425900e+00   0.000000e+00 
1.428600e+00   0.000000e+00 
1.431300e+00   0.000000e+00 
1.436700e+00   0.000000e+00 
1.439500e+00   0.000000e+00 
1.442200e+00   0.000000e+00 
1.444900e+00   0.000000e+00 
1.447600e+00   0.000000e+00 
1.450400e+00   0.000000e+00 
1.453100e+00   0.000000e+00 
1.455800e+00   0.000000e+00 
1.458500e+00   0.000000e+00 
1.461200e+00   0.000000e+00 
1.466700e+00   0.000000e+00 
1.469400e+00   0.000000e+00 
1.472100e+00   0.000000e+00 
1.477600e+00   0.000000e+00 
1.480300e+00   0.000000e+00 
1.488400e+00   0.000000e+00 
1.491200e+00   0.000000e+00 
1.496600e+00   0.000000e+00 
1.551000e+00   0.000000e+00 
1.632700e+00   0.000000e+00 
1.823100e+00   0.000000e+00 
2.340200e+00   0.000000e+00 
2.829900e+00   0.000000e+00 
3.047600e+00   0.000000e+00 
3.700700e+00   0.000000e+00 
