1.300000e-02   2.501441e-20 
1.320000e-02   2.460717e-20 
1.340000e-02   2.422581e-20 
1.430000e-02   3.415515e-20 
1.450000e-02   3.376995e-20 
1.500000e-02   3.288092e-20 
2.000000e-02   2.622710e-20 
2.500000e-02   2.092311e-20 
3.000000e-02   2.260104e-20 
3.500000e-02   1.953776e-20 
4.000000e-02   1.693554e-20 
4.500000e-02   1.461932e-20 
5.000000e-02   1.253903e-20 
5.500000e-02   1.072463e-20 
6.000000e-02   9.195608e-21 
6.500000e-02   7.937935e-21 
7.000000e-02   6.906801e-21 
7.500000e-02   4.488074e-20 
8.000000e-02   4.789173e-20 
8.500000e-02   4.625530e-20 
9.000000e-02   4.429609e-20 
9.523900e-02   4.151484e-20 
1.006800e-01   3.732584e-20 
1.142900e-01   2.750501e-20 
1.197300e-01   2.435043e-20 
1.224500e-01   2.291600e-20 
1.251700e-01   2.156805e-20 
1.278900e-01   2.030088e-20 
1.306100e-01   1.910933e-20 
1.333300e-01   1.798874e-20 
1.360600e-01   1.693109e-20 
1.469400e-01   1.330790e-20 
1.496600e-01   1.253320e-20 
1.551000e-01   1.112035e-20 
1.578200e-01   1.047690e-20 
1.605500e-01   9.869989e-21 
1.659900e-01   1.375271e-20 
1.714300e-01   1.268640e-20 
1.768700e-01   1.384761e-20 
1.795900e-01   1.335684e-20 
1.823100e-01   1.282985e-20 
1.850400e-01   1.229533e-20 
1.877600e-01   1.177389e-20 
1.904800e-01   1.127265e-20 
1.959200e-01   1.033952e-20 
1.986400e-01   9.905403e-21 
2.040800e-01   9.098871e-21 
2.068000e-01   8.725400e-21 
2.095300e-01   8.369274e-21 
2.122500e-01   8.032022e-21 
2.149700e-01   7.711262e-21 
2.204100e-01   7.115325e-21 
2.258500e-01   6.574349e-21 
2.367400e-01   6.755252e-21 
2.476200e-01   5.869877e-21 
2.585100e-01   5.110460e-21 
2.721100e-01   4.324819e-21 
2.857200e-01   3.685505e-21 
2.993200e-01   3.161496e-21 
3.129300e-01   2.727886e-21 
3.401400e-01   2.063699e-21 
3.537400e-01   1.807748e-21 
3.809500e-01   1.403949e-21 
3.945600e-01   1.243862e-21 
4.081700e-01   1.105519e-21 
4.353800e-01   8.808340e-22 
4.625900e-01   7.087705e-22 
4.761900e-01   6.378920e-22 
4.898000e-01   5.751954e-22 
5.034000e-01   5.196597e-22 
5.170100e-01   4.702671e-22 
5.578300e-01   3.518622e-22 
5.714300e-01   3.203860e-22 
5.850400e-01   2.920997e-22 
6.122500e-01   2.437512e-22 
6.666700e-01   1.721453e-22 
6.802800e-01   1.582405e-22 
7.074900e-01   1.369273e-22 
7.347000e-01   1.178555e-22 
7.619100e-01   1.002363e-22 
7.891200e-01   8.562366e-23 
8.163300e-01   7.342138e-23 
8.435400e-01   6.320804e-23 
8.707500e-01   5.461028e-23 
9.115700e-01   4.413207e-23 
9.523900e-01   3.590620e-23 
9.932000e-01   4.076604e-23 
1.020400e+00   3.529899e-23 
1.061200e+00   3.642530e-23 
1.088400e+00   3.172279e-23 
1.102000e+00   2.964113e-23 
1.115700e+00   2.770446e-23 
1.129300e+00   2.592720e-23 
1.142900e+00   2.428228e-23 
1.156500e+00   2.275844e-23 
1.170100e+00   2.134568e-23 
1.197300e+00   6.216213e-23 
1.210900e+00   5.881007e-23 
1.224500e+00   5.564513e-23 
1.227200e+00   5.504016e-23 
1.229900e+00   5.444278e-23 
1.232700e+00   5.383120e-23 
1.235400e+00   5.324906e-23 
1.238100e+00   5.267421e-23 
1.240800e+00   5.210661e-23 
1.243500e+00   5.154614e-23 
1.246300e+00   5.097227e-23 
1.249000e+00   5.042591e-23 
1.257200e+00   4.880798e-23 
1.259900e+00   4.828857e-23 
1.262600e+00   4.777559e-23 
1.270800e+00   4.625613e-23 
1.281600e+00   4.433979e-23 
1.289800e+00   4.294636e-23 
1.292500e+00   4.249869e-23 
1.295200e+00   4.205650e-23 
1.298000e+00   4.160352e-23 
1.300700e+00   4.117211e-23 
1.303400e+00   4.074588e-23 
1.306100e+00   4.032478e-23 
1.314300e+00   3.907650e-23 
1.330600e+00   3.666649e-23 
1.341500e+00   3.518814e-23 
1.355100e+00   3.343981e-23 
1.360600e+00   3.276166e-23 
1.371400e+00   3.147605e-23 
1.382300e+00   3.023765e-23 
1.390500e+00   2.934344e-23 
1.395900e+00   2.877141e-23 
1.404100e+00   2.792748e-23 
1.406800e+00   2.765594e-23 
1.409500e+00   2.738746e-23 
1.415000e+00   2.684993e-23 
1.417700e+00   2.659058e-23 
1.420400e+00   2.633415e-23 
1.423100e+00   2.608057e-23 
1.425900e+00   2.582064e-23 
1.428600e+00   2.557284e-23 
1.431300e+00   2.532775e-23 
1.436700e+00   2.484589e-23 
1.439500e+00   2.460025e-23 
1.442200e+00   2.436606e-23 
1.444900e+00   2.413448e-23 
1.447600e+00   2.390546e-23 
1.450400e+00   2.367064e-23 
1.453100e+00   2.344671e-23 
1.455800e+00   2.322531e-23 
1.458500e+00   2.300633e-23 
1.461200e+00   2.278976e-23 
1.466700e+00   2.235592e-23 
1.469400e+00   2.214650e-23 
1.472100e+00   2.193934e-23 
1.477600e+00   2.146756e-23 
1.480300e+00   2.126755e-23 
1.488400e+00   2.068040e-23 
1.491200e+00   2.048188e-23 
1.496600e+00   2.010524e-23 
1.551000e+00   1.672998e-23 
1.632700e+00   1.282734e-23 
1.823100e+00   7.130084e-24 
2.340200e+00   1.838429e-24 
2.829900e+00   5.992499e-25 
3.047600e+00   3.791402e-25 
3.700700e+00   1.022586e-25 
