1.300000e-02   2.460389e-20 
1.320000e-02   2.419795e-20 
1.340000e-02   2.381759e-20 
1.430000e-02   3.354439e-20 
1.450000e-02   3.315842e-20 
1.500000e-02   3.226659e-20 
2.000000e-02   2.557330e-20 
2.500000e-02   2.026285e-20 
3.000000e-02   2.173259e-20 
3.500000e-02   1.865938e-20 
4.000000e-02   1.606442e-20 
4.500000e-02   1.377333e-20 
5.000000e-02   1.173386e-20 
5.500000e-02   9.968988e-21 
6.000000e-02   8.490728e-21 
6.500000e-02   7.280127e-21 
7.000000e-02   6.291108e-21 
7.500000e-02   4.075915e-20 
8.000000e-02   4.319208e-20 
8.500000e-02   4.141288e-20 
9.000000e-02   3.935973e-20 
9.523900e-02   3.659694e-20 
1.006800e-01   3.263761e-20 
1.142900e-01   2.355767e-20 
1.197300e-01   2.068026e-20 
1.224500e-01   1.937931e-20 
1.251700e-01   1.816151e-20 
1.278900e-01   1.702118e-20 
1.306100e-01   1.595315e-20 
1.333300e-01   1.495274e-20 
1.360600e-01   1.401232e-20 
1.469400e-01   1.082231e-20 
1.496600e-01   1.014740e-20 
1.551000e-01   8.924002e-21 
1.578200e-01   8.370288e-21 
1.605500e-01   7.850167e-21 
1.659900e-01   1.087629e-20 
1.714300e-01   9.946554e-21 
1.768700e-01   1.077424e-20 
1.795900e-01   1.034738e-20 
1.823100e-01   9.896150e-21 
1.850400e-01   9.442809e-21 
1.877600e-01   9.003444e-21 
1.904800e-01   8.583068e-21 
1.959200e-01   7.804877e-21 
1.986400e-01   7.444960e-21 
2.040800e-01   6.779895e-21 
2.068000e-01   6.473499e-21 
2.095300e-01   6.182288e-21 
2.122500e-01   5.907417e-21 
2.149700e-01   5.646841e-21 
2.204100e-01   5.165094e-21 
2.258500e-01   4.730688e-21 
2.367400e-01   4.763222e-21 
2.476200e-01   4.064883e-21 
2.585100e-01   3.475519e-21 
2.721100e-01   2.875150e-21 
2.857200e-01   2.394684e-21 
2.993200e-01   2.007446e-21 
3.129300e-01   1.692381e-21 
3.401400e-01   1.221649e-21 
3.537400e-01   1.045073e-21 
3.809500e-01   7.736148e-22 
3.945600e-01   6.689641e-22 
4.081700e-01   5.802011e-22 
4.353800e-01   4.399593e-22 
4.625900e-01   3.366705e-22 
4.761900e-01   2.954004e-22 
4.898000e-01   2.596266e-22 
5.034000e-01   2.285846e-22 
5.170100e-01   2.015466e-22 
5.578300e-01   1.393267e-22 
5.714300e-01   1.235132e-22 
5.850400e-01   1.096115e-22 
6.122500e-01   8.661746e-23 
6.666700e-01   5.473586e-23 
6.802800e-01   4.891124e-23 
7.074900e-01   3.991937e-23 
7.347000e-01   3.240290e-23 
7.619100e-01   2.599626e-23 
7.891200e-01   2.093091e-23 
8.163300e-01   1.690730e-23 
8.435400e-01   1.369818e-23 
8.707500e-01   1.112917e-23 
9.115700e-01   8.189310e-24 
9.523900e-01   6.058178e-24 
9.932000e-01   6.216935e-24 
1.020400e+00   5.040447e-24 
1.061200e+00   4.701800e-24 
1.088400e+00   3.825740e-24 
1.102000e+00   3.454123e-24 
1.115700e+00   3.118067e-24 
1.129300e+00   2.818365e-24 
1.142900e+00   2.548818e-24 
1.156500e+00   2.306227e-24 
1.170100e+00   2.087756e-24 
1.197300e+00   5.697146e-24 
1.210900e+00   5.198689e-24 
1.224500e+00   4.743365e-24 
1.227200e+00   4.657918e-24 
1.229900e+00   4.574061e-24 
1.232700e+00   4.488753e-24 
1.235400e+00   4.408030e-24 
1.238100e+00   4.328804e-24 
1.240800e+00   4.251046e-24 
1.243500e+00   4.174724e-24 
1.246300e+00   4.097063e-24 
1.249000e+00   4.023590e-24 
1.257200e+00   3.808633e-24 
1.259900e+00   3.740479e-24 
1.262600e+00   3.673561e-24 
1.270800e+00   3.477788e-24 
1.281600e+00   3.236143e-24 
1.289800e+00   3.064213e-24 
1.292500e+00   3.009672e-24 
1.295200e+00   2.956124e-24 
1.298000e+00   2.901625e-24 
1.300700e+00   2.850044e-24 
1.303400e+00   2.799402e-24 
1.306100e+00   2.749674e-24 
1.314300e+00   2.604128e-24 
1.330600e+00   2.337715e-24 
1.341500e+00   2.175237e-24 
1.355100e+00   1.988541e-24 
1.360600e+00   1.917746e-24 
1.371400e+00   1.786109e-24 
1.382300e+00   1.662557e-24 
1.390500e+00   1.575360e-24 
1.395900e+00   1.520484e-24 
1.404100e+00   1.440836e-24 
1.406800e+00   1.415544e-24 
1.409500e+00   1.390706e-24 
1.415000e+00   1.341463e-24 
1.417700e+00   1.317941e-24 
1.420400e+00   1.294838e-24 
1.423100e+00   1.272140e-24 
1.425900e+00   1.249032e-24 
1.428600e+00   1.227150e-24 
1.431300e+00   1.205654e-24 
1.436700e+00   1.163806e-24 
1.439500e+00   1.142681e-24 
1.442200e+00   1.122683e-24 
1.444900e+00   1.103033e-24 
1.447600e+00   1.083733e-24 
1.450400e+00   1.064082e-24 
1.453100e+00   1.045468e-24 
1.455800e+00   1.027184e-24 
1.458500e+00   1.009227e-24 
1.461200e+00   9.915802e-25 
1.466700e+00   9.565909e-25 
1.469400e+00   9.398777e-25 
1.472100e+00   9.234557e-25 
1.477600e+00   8.908909e-25 
1.480300e+00   8.753265e-25 
1.488400e+00   8.302637e-25 
1.491200e+00   8.152353e-25 
1.496600e+00   7.870172e-25 
1.551000e+00   5.520042e-25 
1.632700e+00   3.237942e-25 
1.823100e+00   9.155921e-26 
2.340200e+00   1.483924e-27 
2.829900e+00   0.000000e+00 
3.047600e+00   0.000000e+00 
3.700700e+00   0.000000e+00 
