1.300000e-02   2.489814e-20 
1.320000e-02   2.449129e-20 
1.340000e-02   2.411023e-20 
1.430000e-02   3.398252e-20 
1.450000e-02   3.359712e-20 
1.500000e-02   3.270728e-20 
2.000000e-02   2.604180e-20 
2.500000e-02   2.073551e-20 
3.000000e-02   2.235477e-20 
3.500000e-02   1.928813e-20 
4.000000e-02   1.668749e-20 
4.500000e-02   1.437806e-20 
5.000000e-02   1.230922e-20 
5.500000e-02   1.050886e-20 
6.000000e-02   8.994274e-21 
6.500000e-02   7.749971e-21 
7.000000e-02   6.730760e-21 
7.500000e-02   4.368767e-20 
8.000000e-02   4.652630e-20 
8.500000e-02   4.484321e-20 
9.000000e-02   4.285087e-20 
9.523900e-02   4.006968e-20 
1.006800e-01   3.594396e-20 
1.142900e-01   2.633342e-20 
1.197300e-01   2.325811e-20 
1.224500e-01   2.186197e-20 
1.251700e-01   2.055142e-20 
1.278900e-01   1.932078e-20 
1.306100e-01   1.816487e-20 
1.333300e-01   1.707904e-20 
1.360600e-01   1.605533e-20 
1.469400e-01   1.255819e-20 
1.496600e-01   1.181266e-20 
1.551000e-01   1.045532e-20 
1.578200e-01   9.838229e-21 
1.605500e-01   9.256854e-21 
1.659900e-01   1.288779e-20 
1.714300e-01   1.186059e-20 
1.768700e-01   1.292318e-20 
1.795900e-01   1.245051e-20 
1.823100e-01   1.194529e-20 
1.850400e-01   1.143423e-20 
1.877600e-01   1.093663e-20 
1.904800e-01   1.045892e-20 
1.959200e-01   9.570952e-21 
1.986400e-01   9.158506e-21 
2.040800e-01   8.393360e-21 
2.068000e-01   8.039534e-21 
2.095300e-01   7.702434e-21 
2.122500e-01   7.383480e-21 
2.149700e-01   7.080383e-21 
2.204100e-01   6.517989e-21 
2.258500e-01   6.008365e-21 
2.367400e-01   6.146951e-21 
2.476200e-01   5.316505e-21 
2.585100e-01   4.607280e-21 
2.721100e-01   3.876484e-21 
2.857200e-01   3.284308e-21 
2.993200e-01   2.800985e-21 
3.129300e-01   2.402727e-21 
3.401400e-01   1.796439e-21 
3.537400e-01   1.564341e-21 
3.809500e-01   1.200479e-21 
3.945600e-01   1.057202e-21 
4.081700e-01   9.339443e-22 
4.353800e-01   7.350928e-22 
4.625900e-01   5.842409e-22 
4.761900e-01   5.225547e-22 
4.898000e-01   4.682549e-22 
5.034000e-01   4.203949e-22 
5.170100e-01   3.780419e-22 
5.578300e-01   2.775055e-22 
5.714300e-01   2.510639e-22 
5.850400e-01   2.274262e-22 
6.122500e-01   1.873372e-22 
6.666700e-01   1.288838e-22 
6.802800e-01   1.176931e-22 
7.074900e-01   1.004325e-22 
7.347000e-01   8.526190e-23 
7.619100e-01   7.155628e-23 
7.891200e-01   6.031056e-23 
8.163300e-01   5.103236e-23 
8.435400e-01   4.333363e-23 
8.707500e-01   3.693069e-23 
9.115700e-01   2.923442e-23 
9.523900e-01   2.330296e-23 
9.932000e-01   2.576100e-23 
1.020400e+00   2.199619e-23 
1.061200e+00   2.220503e-23 
1.088400e+00   1.906635e-23 
1.102000e+00   1.768900e-23 
1.115700e+00   1.641498e-23 
1.129300e+00   1.525256e-23 
1.142900e+00   1.418292e-23 
1.156500e+00   1.319779e-23 
1.170100e+00   1.228974e-23 
1.197300e+00   3.554474e-23 
1.210900e+00   3.338421e-23 
1.224500e+00   3.135773e-23 
1.227200e+00   3.097181e-23 
1.229900e+00   3.059115e-23 
1.232700e+00   3.020193e-23 
1.235400e+00   2.983187e-23 
1.238100e+00   2.946692e-23 
1.240800e+00   2.910697e-23 
1.243500e+00   2.875189e-23 
1.246300e+00   2.838885e-23 
1.249000e+00   2.804363e-23 
1.257200e+00   2.702375e-23 
1.259900e+00   2.669711e-23 
1.262600e+00   2.637490e-23 
1.270800e+00   2.542275e-23 
1.281600e+00   2.422696e-23 
1.289800e+00   2.336111e-23 
1.292500e+00   2.308362e-23 
1.295200e+00   2.280982e-23 
1.298000e+00   2.252973e-23 
1.300700e+00   2.226327e-23 
1.303400e+00   2.200033e-23 
1.306100e+00   2.174087e-23 
1.314300e+00   2.097365e-23 
1.330600e+00   1.953690e-23 
1.341500e+00   1.863761e-23 
1.355100e+00   1.757993e-23 
1.360600e+00   1.717141e-23 
1.371400e+00   1.639981e-23 
1.382300e+00   1.566020e-23 
1.390500e+00   1.510219e-23 
1.395900e+00   1.476325e-23 
1.404100e+00   1.426471e-23 
1.406800e+00   1.410470e-23 
1.409500e+00   1.394669e-23 
1.415000e+00   1.363093e-23 
1.417700e+00   1.347884e-23 
1.420400e+00   1.332865e-23 
1.423100e+00   1.318034e-23 
1.425900e+00   1.302848e-23 
1.428600e+00   1.288389e-23 
1.431300e+00   1.274107e-23 
1.436700e+00   1.246076e-23 
1.439500e+00   1.231812e-23 
1.442200e+00   1.218231e-23 
1.444900e+00   1.204818e-23 
1.447600e+00   1.191570e-23 
1.450400e+00   1.178003e-23 
1.453100e+00   1.165084e-23 
1.455800e+00   1.152323e-23 
1.458500e+00   1.139718e-23 
1.461200e+00   1.127266e-23 
1.466700e+00   1.102371e-23 
1.469400e+00   1.090375e-23 
1.472100e+00   1.078525e-23 
1.477600e+00   1.054828e-23 
1.480300e+00   1.043409e-23 
1.488400e+00   1.009971e-23 
1.491200e+00   9.986924e-24 
1.496600e+00   9.773352e-24 
1.551000e+00   7.884428e-24 
1.632700e+00   5.766547e-24 
1.823100e+00   2.896026e-24 
2.340200e+00   5.384776e-25 
2.829900e+00   1.303468e-25 
3.047600e+00   7.293647e-26 
3.700700e+00   1.208408e-26 
