1.300000e-02   2.465309e-20 
1.320000e-02   2.424701e-20 
1.340000e-02   2.386653e-20 
1.430000e-02   3.361780e-20 
1.450000e-02   3.323190e-20 
1.500000e-02   3.234038e-20 
2.000000e-02   2.565159e-20 
2.500000e-02   2.034169e-20 
3.000000e-02   2.183646e-20 
3.500000e-02   1.876417e-20 
4.000000e-02   1.616808e-20 
4.500000e-02   1.387381e-20 
5.000000e-02   1.182938e-20 
5.500000e-02   1.005857e-20 
6.000000e-02   8.574242e-21 
6.500000e-02   7.358006e-21 
7.000000e-02   6.363923e-21 
7.500000e-02   4.123942e-20 
8.000000e-02   4.373655e-20 
8.500000e-02   4.197055e-20 
9.000000e-02   3.992486e-20 
9.523900e-02   3.715759e-20 
1.006800e-01   3.317039e-20 
1.142900e-01   2.400286e-20 
1.197300e-01   2.109286e-20 
1.224500e-01   1.977625e-20 
1.251700e-01   1.854321e-20 
1.278900e-01   1.738805e-20 
1.306100e-01   1.630561e-20 
1.333300e-01   1.529122e-20 
1.360600e-01   1.433717e-20 
1.469400e-01   1.109709e-20 
1.496600e-01   1.041071e-20 
1.551000e-01   9.165581e-21 
1.578200e-01   8.601609e-21 
1.605500e-01   8.071582e-21 
1.659900e-01   1.119521e-20 
1.714300e-01   1.024934e-20 
1.768700e-01   1.111462e-20 
1.795900e-01   1.068012e-20 
1.823100e-01   1.021998e-20 
1.850400e-01   9.757179e-21 
1.877600e-01   9.308297e-21 
1.904800e-01   8.878564e-21 
1.959200e-01   8.082501e-21 
1.986400e-01   7.714046e-21 
2.040800e-01   7.032731e-21 
2.068000e-01   6.718642e-21 
2.095300e-01   6.419995e-21 
2.122500e-01   6.137980e-21 
2.149700e-01   5.870522e-21 
2.204100e-01   5.375730e-21 
2.258500e-01   4.929173e-21 
2.367400e-01   4.978659e-21 
2.476200e-01   4.258931e-21 
2.585100e-01   3.650249e-21 
2.721100e-01   3.028926e-21 
2.857200e-01   2.530559e-21 
2.993200e-01   2.127965e-21 
3.129300e-01   1.799638e-21 
3.401400e-01   1.307399e-21 
3.537400e-01   1.122054e-21 
3.809500e-01   8.360807e-22 
3.945600e-01   7.253948e-22 
4.081700e-01   6.312661e-22 
4.353800e-01   4.819648e-22 
4.625900e-01   3.713939e-22 
4.761900e-01   3.270202e-22 
4.898000e-01   2.884463e-22 
5.034000e-01   2.548761e-22 
5.170100e-01   2.255492e-22 
5.578300e-01   1.576678e-22 
5.714300e-01   1.403033e-22 
5.850400e-01   1.249904e-22 
6.122500e-01   9.954073e-23 
6.666700e-01   6.391797e-23 
6.802800e-01   5.735111e-23 
7.074900e-01   4.720045e-23 
7.347000e-01   3.864019e-23 
7.619100e-01   3.126947e-23 
7.891200e-01   2.539960e-23 
8.163300e-01   2.070216e-23 
8.435400e-01   1.692707e-23 
8.707500e-01   1.388154e-23 
9.115700e-01   1.036230e-23 
9.523900e-01   7.779810e-24 
9.932000e-01   8.096356e-24 
1.020400e+00   6.633153e-24 
1.061200e+00   6.286559e-24 
1.088400e+00   5.171890e-24 
1.102000e+00   4.695729e-24 
1.115700e+00   4.263109e-24 
1.129300e+00   3.875439e-24 
1.142900e+00   3.525113e-24 
1.156500e+00   3.208295e-24 
1.170100e+00   2.921583e-24 
1.197300e+00   8.075107e-24 
1.210900e+00   7.413605e-24 
1.224500e+00   6.805905e-24 
1.227200e+00   6.691531e-24 
1.229900e+00   6.579157e-24 
1.232700e+00   6.464686e-24 
1.235400e+00   6.356286e-24 
1.238100e+00   6.249776e-24 
1.240800e+00   6.145139e-24 
1.243500e+00   6.042317e-24 
1.246300e+00   5.937590e-24 
1.249000e+00   5.838395e-24 
1.257200e+00   5.547583e-24 
1.259900e+00   5.455173e-24 
1.262600e+00   5.364364e-24 
1.270800e+00   5.098106e-24 
1.281600e+00   4.768243e-24 
1.289800e+00   4.532667e-24 
1.292500e+00   4.457771e-24 
1.295200e+00   4.384168e-24 
1.298000e+00   4.309161e-24 
1.300700e+00   4.238096e-24 
1.303400e+00   4.168244e-24 
1.306100e+00   4.099598e-24 
1.314300e+00   3.898200e-24 
1.330600e+00   3.527746e-24 
1.341500e+00   3.300539e-24 
1.355100e+00   3.038132e-24 
1.360600e+00   2.938224e-24 
1.371400e+00   2.751810e-24 
1.382300e+00   2.576040e-24 
1.390500e+00   2.451478e-24 
1.395900e+00   2.372864e-24 
1.404100e+00   2.258424e-24 
1.406800e+00   2.221999e-24 
1.409500e+00   2.186186e-24 
1.415000e+00   2.115052e-24 
1.417700e+00   2.081009e-24 
1.420400e+00   2.047531e-24 
1.423100e+00   2.014610e-24 
1.425900e+00   1.981042e-24 
1.428600e+00   1.949217e-24 
1.431300e+00   1.917920e-24 
1.436700e+00   1.856866e-24 
1.439500e+00   1.825999e-24 
1.442200e+00   1.796737e-24 
1.444900e+00   1.767952e-24 
1.447600e+00   1.739645e-24 
1.450400e+00   1.710773e-24 
1.453100e+00   1.683408e-24 
1.455800e+00   1.656490e-24 
1.458500e+00   1.630014e-24 
1.461200e+00   1.603972e-24 
1.466700e+00   1.552234e-24 
1.469400e+00   1.527470e-24 
1.472100e+00   1.503105e-24 
1.477600e+00   1.454706e-24 
1.480300e+00   1.431538e-24 
1.488400e+00   1.364264e-24 
1.491200e+00   1.341771e-24 
1.496600e+00   1.299456e-24 
1.551000e+00   9.419486e-25 
1.632700e+00   5.832231e-25 
1.823100e+00   1.921509e-25 
2.340200e+00   7.956157e-27 
2.829900e+00   7.658946e-29 
3.047600e+00   0.000000e+00 
3.700700e+00   0.000000e+00 
