1.300000e-02   2.499797e-20 
1.320000e-02   2.459080e-20 
1.340000e-02   2.420947e-20 
1.430000e-02   3.413078e-20 
1.450000e-02   3.374553e-20 
1.500000e-02   3.285640e-20 
2.000000e-02   2.620089e-20 
2.500000e-02   2.089656e-20 
3.000000e-02   2.256623e-20 
3.500000e-02   1.950244e-20 
4.000000e-02   1.690043e-20 
4.500000e-02   1.458515e-20 
5.000000e-02   1.250648e-20 
5.500000e-02   1.069406e-20 
6.000000e-02   9.167085e-21 
6.500000e-02   7.911305e-21 
7.000000e-02   6.881856e-21 
7.500000e-02   4.471089e-20 
8.000000e-02   4.769708e-20 
8.500000e-02   4.605377e-20 
9.000000e-02   4.408958e-20 
9.523900e-02   4.130808e-20 
1.006800e-01   3.712791e-20 
1.142900e-01   2.733679e-20 
1.197300e-01   2.419345e-20 
1.224500e-01   2.276445e-20 
1.251700e-01   2.142180e-20 
1.278900e-01   2.015982e-20 
1.306100e-01   1.897334e-20 
1.333300e-01   1.785770e-20 
1.360600e-01   1.680488e-20 
1.469400e-01   1.319965e-20 
1.496600e-01   1.242912e-20 
1.551000e-01   1.102420e-20 
1.578200e-01   1.038453e-20 
1.605500e-01   9.781265e-21 
1.659900e-01   1.362803e-20 
1.714300e-01   1.256725e-20 
1.768700e-01   1.371437e-20 
1.795900e-01   1.322615e-20 
1.823100e-01   1.270226e-20 
1.850400e-01   1.217107e-20 
1.877600e-01   1.165302e-20 
1.904800e-01   1.115515e-20 
1.959200e-01   1.022846e-20 
1.986400e-01   9.797433e-21 
2.040800e-01   8.996811e-21 
2.068000e-01   8.626145e-21 
2.095300e-01   8.272739e-21 
2.122500e-01   7.938104e-21 
2.149700e-01   7.619868e-21 
2.204100e-01   7.028727e-21 
2.258500e-01   6.492237e-21 
2.367400e-01   6.667259e-21 
2.476200e-01   5.789738e-21 
2.585100e-01   5.037508e-21 
2.721100e-01   4.259729e-21 
2.857200e-01   3.627175e-21 
2.993200e-01   3.109005e-21 
3.129300e-01   2.680473e-21 
3.401400e-01   2.024610e-21 
3.537400e-01   1.772091e-21 
3.809500e-01   1.374044e-21 
3.945600e-01   1.216382e-21 
4.081700e-01   1.080215e-21 
4.353800e-01   8.592628e-22 
4.625900e-01   6.902706e-22 
4.761900e-01   6.207256e-22 
4.898000e-01   5.592489e-22 
5.034000e-01   5.048296e-22 
5.170100e-01   4.564621e-22 
5.578300e-01   3.406668e-22 
5.714300e-01   3.099283e-22 
5.850400e-01   2.823240e-22 
6.122500e-01   2.351901e-22 
6.666700e-01   1.655275e-22 
6.802800e-01   1.520254e-22 
7.074900e-01   1.313045e-22 
7.347000e-01   1.128114e-22 
7.619100e-01   9.578083e-23 
7.891200e-01   8.167610e-23 
8.163300e-01   6.991477e-23 
8.435400e-01   6.008437e-23 
8.707500e-01   5.182082e-23 
9.115700e-01   4.176785e-23 
9.523900e-01   3.389310e-23 
9.932000e-01   3.833643e-23 
1.020400e+00   3.313685e-23 
1.061200e+00   3.409566e-23 
1.088400e+00   2.964146e-23 
1.102000e+00   2.767186e-23 
1.115700e+00   2.584081e-23 
1.129300e+00   2.416173e-23 
1.142900e+00   2.260877e-23 
1.156500e+00   2.117118e-23 
1.170100e+00   1.983936e-23 
1.197300e+00   5.774859e-23 
1.210900e+00   5.458589e-23 
1.224500e+00   5.160211e-23 
1.227200e+00   5.103205e-23 
1.229900e+00   5.046919e-23 
1.232700e+00   4.989307e-23 
1.235400e+00   4.934476e-23 
1.238100e+00   4.880337e-23 
1.240800e+00   4.826890e-23 
1.243500e+00   4.774122e-23 
1.246300e+00   4.720102e-23 
1.249000e+00   4.668677e-23 
1.257200e+00   4.516438e-23 
1.259900e+00   4.467579e-23 
1.262600e+00   4.419334e-23 
1.270800e+00   4.276468e-23 
1.281600e+00   4.096381e-23 
1.289800e+00   3.965498e-23 
1.292500e+00   3.923464e-23 
1.295200e+00   3.881948e-23 
1.298000e+00   3.839429e-23 
1.300700e+00   3.798936e-23 
1.303400e+00   3.758939e-23 
1.306100e+00   3.719427e-23 
1.314300e+00   3.602338e-23 
1.330600e+00   3.376500e-23 
1.341500e+00   3.238025e-23 
1.355100e+00   3.074376e-23 
1.360600e+00   3.010929e-23 
1.371400e+00   2.890707e-23 
1.382300e+00   2.774969e-23 
1.390500e+00   2.691445e-23 
1.395900e+00   2.638031e-23 
1.404100e+00   2.559257e-23 
1.406800e+00   2.533918e-23 
1.409500e+00   2.508872e-23 
1.415000e+00   2.458733e-23 
1.417700e+00   2.434548e-23 
1.420400e+00   2.410636e-23 
1.423100e+00   2.386997e-23 
1.425900e+00   2.362766e-23 
1.428600e+00   2.339671e-23 
1.431300e+00   2.316833e-23 
1.436700e+00   2.271939e-23 
1.439500e+00   2.249058e-23 
1.442200e+00   2.227249e-23 
1.444900e+00   2.205683e-23 
1.447600e+00   2.184362e-23 
1.450400e+00   2.162502e-23 
1.453100e+00   2.141660e-23 
1.455800e+00   2.121055e-23 
1.458500e+00   2.100679e-23 
1.461200e+00   2.080531e-23 
1.466700e+00   2.040179e-23 
1.469400e+00   2.020702e-23 
1.472100e+00   2.001442e-23 
1.477600e+00   1.957651e-23 
1.480300e+00   1.939063e-23 
1.488400e+00   1.884512e-23 
1.491200e+00   1.866074e-23 
1.496600e+00   1.831101e-23 
1.551000e+00   1.518172e-23 
1.632700e+00   1.157674e-23 
1.823100e+00   6.352171e-24 
2.340200e+00   1.580113e-24 
2.829900e+00   4.967991e-25 
3.047600e+00   3.091308e-25 
3.700700e+00   7.904278e-26 
