1.300000e-02   2.311695e-20 
1.320000e-02   2.271778e-20 
1.340000e-02   2.234329e-20 
1.430000e-02   3.134290e-20 
1.450000e-02   3.095768e-20 
1.500000e-02   3.006440e-20 
2.000000e-02   2.326706e-20 
2.500000e-02   1.793836e-20 
3.000000e-02   1.871219e-20 
3.500000e-02   1.564251e-20 
4.000000e-02   1.311891e-20 
4.500000e-02   1.094945e-20 
5.000000e-02   9.074745e-21 
5.500000e-02   7.496292e-21 
6.000000e-02   6.204216e-21 
6.500000e-02   5.165838e-21 
7.000000e-02   4.331914e-21 
7.500000e-02   2.801771e-20 
8.000000e-02   2.894440e-20 
8.500000e-02   2.702051e-20 
9.000000e-02   2.499347e-20 
9.523900e-02   2.257814e-20 
1.006800e-01   1.952567e-20 
1.142900e-01   1.301349e-20 
1.197300e-01   1.105554e-20 
1.224500e-01   1.018972e-20 
1.251700e-01   9.391221e-21 
1.278900e-01   8.654704e-21 
1.306100e-01   7.975309e-21 
1.333300e-01   7.348634e-21 
1.360600e-01   6.768603e-21 
1.469400e-01   4.874072e-21 
1.496600e-01   4.489377e-21 
1.551000e-01   3.808428e-21 
1.578200e-01   3.507686e-21 
1.605500e-01   3.229749e-21 
1.659900e-01   4.171656e-21 
1.714300e-01   3.673385e-21 
1.768700e-01   3.779297e-21 
1.795900e-01   3.560174e-21 
1.823100e-01   3.339147e-21 
1.850400e-01   3.123917e-21 
1.877600e-01   2.920202e-21 
1.904800e-01   2.729003e-21 
1.959200e-01   2.384037e-21 
1.986400e-01   2.228664e-21 
2.040800e-01   1.948796e-21 
2.068000e-01   1.823095e-21 
2.095300e-01   1.705601e-21 
2.122500e-01   1.596542e-21 
2.149700e-01   1.494885e-21 
2.204100e-01   1.311630e-21 
2.258500e-01   1.151979e-21 
2.367400e-01   1.018287e-21 
2.476200e-01   7.922518e-22 
2.585100e-01   6.161573e-22 
2.721100e-01   4.516672e-22 
2.857200e-01   3.324061e-22 
2.993200e-01   2.455766e-22 
3.129300e-01   1.819390e-22 
3.401400e-01   1.005538e-22 
3.537400e-01   7.491424e-23 
3.809500e-01   4.159486e-23 
3.945600e-01   3.095094e-23 
4.081700e-01   2.298529e-23 
4.353800e-01   1.255643e-23 
4.625900e-01   6.720659e-24 
4.761900e-01   4.863494e-24 
4.898000e-01   3.485022e-24 
5.034000e-01   2.468869e-24 
5.170100e-01   1.723703e-24 
5.578300e-01   5.185783e-25 
5.714300e-01   3.271386e-25 
5.850400e-01   1.969774e-25 
6.122500e-01   5.749821e-26 
6.666700e-01   3.075787e-29 
6.802800e-01   0.000000e+00 
7.074900e-01   0.000000e+00 
7.347000e-01   0.000000e+00 
7.619100e-01   0.000000e+00 
7.891200e-01   0.000000e+00 
8.163300e-01   0.000000e+00 
8.435400e-01   0.000000e+00 
8.707500e-01   0.000000e+00 
9.115700e-01   0.000000e+00 
9.523900e-01   0.000000e+00 
9.932000e-01   0.000000e+00 
1.020400e+00   0.000000e+00 
1.061200e+00   0.000000e+00 
1.088400e+00   0.000000e+00 
1.102000e+00   0.000000e+00 
1.115700e+00   0.000000e+00 
1.129300e+00   0.000000e+00 
1.142900e+00   0.000000e+00 
1.156500e+00   0.000000e+00 
1.170100e+00   0.000000e+00 
1.197300e+00   0.000000e+00 
1.210900e+00   0.000000e+00 
1.224500e+00   0.000000e+00 
1.227200e+00   0.000000e+00 
1.229900e+00   0.000000e+00 
1.232700e+00   0.000000e+00 
1.235400e+00   0.000000e+00 
1.238100e+00   0.000000e+00 
1.240800e+00   0.000000e+00 
1.243500e+00   0.000000e+00 
1.246300e+00   0.000000e+00 
1.249000e+00   0.000000e+00 
1.257200e+00   0.000000e+00 
1.259900e+00   0.000000e+00 
1.262600e+00   0.000000e+00 
1.270800e+00   0.000000e+00 
1.281600e+00   0.000000e+00 
1.289800e+00   0.000000e+00 
1.292500e+00   0.000000e+00 
1.295200e+00   0.000000e+00 
1.298000e+00   0.000000e+00 
1.300700e+00   0.000000e+00 
1.303400e+00   0.000000e+00 
1.306100e+00   0.000000e+00 
1.314300e+00   0.000000e+00 
1.330600e+00   0.000000e+00 
1.341500e+00   0.000000e+00 
1.355100e+00   0.000000e+00 
1.360600e+00   0.000000e+00 
1.371400e+00   0.000000e+00 
1.382300e+00   0.000000e+00 
1.390500e+00   0.000000e+00 
1.395900e+00   0.000000e+00 
1.404100e+00   0.000000e+00 
1.406800e+00   0.000000e+00 
1.409500e+00   0.000000e+00 
1.415000e+00   0.000000e+00 
1.417700e+00   0.000000e+00 
1.420400e+00   0.000000e+00 
1.423100e+00   0.000000e+00 
1.425900e+00   0.000000e+00 
1.428600e+00   0.000000e+00 
1.431300e+00   0.000000e+00 
1.436700e+00   0.000000e+00 
1.439500e+00   0.000000e+00 
1.442200e+00   0.000000e+00 
1.444900e+00   0.000000e+00 
1.447600e+00   0.000000e+00 
1.450400e+00   0.000000e+00 
1.453100e+00   0.000000e+00 
1.455800e+00   0.000000e+00 
1.458500e+00   0.000000e+00 
1.461200e+00   0.000000e+00 
1.466700e+00   0.000000e+00 
1.469400e+00   0.000000e+00 
1.472100e+00   0.000000e+00 
1.477600e+00   0.000000e+00 
1.480300e+00   0.000000e+00 
1.488400e+00   0.000000e+00 
1.491200e+00   0.000000e+00 
1.496600e+00   0.000000e+00 
1.551000e+00   0.000000e+00 
1.632700e+00   0.000000e+00 
1.823100e+00   0.000000e+00 
2.340200e+00   0.000000e+00 
2.829900e+00   0.000000e+00 
3.047600e+00   0.000000e+00 
3.700700e+00   0.000000e+00 
