1.300000e-02   2.486438e-20 
1.320000e-02   2.445766e-20 
1.340000e-02   2.407667e-20 
1.430000e-02   3.393236e-20 
1.450000e-02   3.354688e-20 
1.500000e-02   3.265682e-20 
2.000000e-02   2.598801e-20 
2.500000e-02   2.068115e-20 
3.000000e-02   2.228331e-20 
3.500000e-02   1.921578e-20 
4.000000e-02   1.661566e-20 
4.500000e-02   1.430826e-20 
5.000000e-02   1.224275e-20 
5.500000e-02   1.044646e-20 
6.000000e-02   8.936055e-21 
6.500000e-02   7.695622e-21 
7.000000e-02   6.679872e-21 
7.500000e-02   4.334514e-20 
8.000000e-02   4.613501e-20 
8.500000e-02   4.443927e-20 
9.000000e-02   4.243830e-20 
9.523900e-02   3.965789e-20 
1.006800e-01   3.555084e-20 
1.142900e-01   2.600134e-20 
1.197300e-01   2.294895e-20 
1.224500e-01   2.156386e-20 
1.251700e-01   2.026410e-20 
1.278900e-01   1.904398e-20 
1.306100e-01   1.789834e-20 
1.333300e-01   1.682248e-20 
1.360600e-01   1.580853e-20 
1.469400e-01   1.234750e-20 
1.496600e-01   1.161031e-20 
1.551000e-01   1.026881e-20 
1.578200e-01   9.659234e-21 
1.605500e-01   9.085131e-21 
1.659900e-01   1.264421e-20 
1.714300e-01   1.162831e-20 
1.768700e-01   1.266281e-20 
1.795900e-01   1.219541e-20 
1.823100e-01   1.169646e-20 
1.850400e-01   1.119216e-20 
1.877600e-01   1.070138e-20 
1.904800e-01   1.023041e-20 
1.959200e-01   9.355370e-21 
1.986400e-01   8.949124e-21 
2.040800e-01   8.195798e-21 
2.068000e-01   7.847581e-21 
2.095300e-01   7.515913e-21 
2.122500e-01   7.202178e-21 
2.149700e-01   6.904115e-21 
2.204100e-01   6.351286e-21 
2.258500e-01   5.850593e-21 
2.367400e-01   5.976701e-21 
2.476200e-01   5.161924e-21 
2.585100e-01   4.466972e-21 
2.721100e-01   3.751757e-21 
2.857200e-01   3.172955e-21 
2.993200e-01   2.701170e-21 
3.129300e-01   2.312918e-21 
3.401400e-01   1.722999e-21 
3.537400e-01   1.497633e-21 
3.809500e-01   1.145023e-21 
3.945600e-01   1.006473e-21 
4.081700e-01   8.874513e-22 
4.353800e-01   6.958364e-22 
4.625900e-01   5.509138e-22 
4.761900e-01   4.917864e-22 
4.898000e-01   4.398170e-22 
5.034000e-01   3.940830e-22 
5.170100e-01   3.536756e-22 
5.578300e-01   2.580605e-22 
5.714300e-01   2.329962e-22 
5.850400e-01   2.106265e-22 
6.122500e-01   1.727818e-22 
6.666700e-01   1.178730e-22 
6.802800e-01   1.074084e-22 
7.074900e-01   9.124887e-23 
7.347000e-01   7.712372e-23 
7.619100e-01   6.444523e-23 
7.891200e-01   5.407871e-23 
8.163300e-01   4.555642e-23 
8.435400e-01   3.851761e-23 
8.707500e-01   3.267880e-23 
9.115700e-01   2.569247e-23 
9.523900e-01   2.033830e-23 
9.932000e-01   2.230884e-23 
1.020400e+00   1.895919e-23 
1.061200e+00   1.899973e-23 
1.088400e+00   1.623598e-23 
1.102000e+00   1.502675e-23 
1.115700e+00   1.391045e-23 
1.129300e+00   1.289400e-23 
1.142900e+00   1.196051e-23 
1.156500e+00   1.110248e-23 
1.170100e+00   1.031318e-23 
1.197300e+00   2.970756e-23 
1.210900e+00   2.783220e-23 
1.224500e+00   2.607726e-23 
1.227200e+00   2.572202e-23 
1.229900e+00   2.539304e-23 
1.232700e+00   2.505678e-23 
1.235400e+00   2.473723e-23 
1.238100e+00   2.442215e-23 
1.240800e+00   2.411157e-23 
1.243500e+00   2.380536e-23 
1.246300e+00   2.349237e-23 
1.249000e+00   2.319490e-23 
1.257200e+00   2.231674e-23 
1.259900e+00   2.203573e-23 
1.262600e+00   2.175866e-23 
1.270800e+00   2.094058e-23 
1.281600e+00   1.991466e-23 
1.289800e+00   1.917292e-23 
1.292500e+00   1.893542e-23 
1.295200e+00   1.870117e-23 
1.298000e+00   1.846163e-23 
1.300700e+00   1.823386e-23 
1.303400e+00   1.800919e-23 
1.306100e+00   1.778759e-23 
1.314300e+00   1.713287e-23 
1.330600e+00   1.590914e-23 
1.341500e+00   1.514483e-23 
1.355100e+00   1.424768e-23 
1.360600e+00   1.390171e-23 
1.371400e+00   1.324905e-23 
1.382300e+00   1.262455e-23 
1.390500e+00   1.217620e-23 
1.395900e+00   1.189058e-23 
1.404100e+00   1.147092e-23 
1.406800e+00   1.133634e-23 
1.409500e+00   1.120351e-23 
1.415000e+00   1.093822e-23 
1.417700e+00   1.081054e-23 
1.420400e+00   1.068450e-23 
1.423100e+00   1.056006e-23 
1.425900e+00   1.043272e-23 
1.428600e+00   1.031154e-23 
1.431300e+00   1.019192e-23 
1.436700e+00   9.957238e-24 
1.439500e+00   9.837895e-24 
1.442200e+00   9.724325e-24 
1.444900e+00   9.612201e-24 
1.447600e+00   9.501502e-24 
1.450400e+00   9.388190e-24 
1.453100e+00   9.280337e-24 
1.455800e+00   9.173860e-24 
1.458500e+00   9.068721e-24 
1.461200e+00   8.964921e-24 
1.466700e+00   8.757500e-24 
1.469400e+00   8.657617e-24 
1.472100e+00   8.558994e-24 
1.477600e+00   8.361914e-24 
1.480300e+00   8.267003e-24 
1.488400e+00   7.989329e-24 
1.491200e+00   7.895755e-24 
1.496600e+00   7.718670e-24 
1.551000e+00   6.159945e-24 
1.632700e+00   4.431548e-24 
1.823100e+00   2.128466e-24 
2.340200e+00   3.553645e-25 
2.829900e+00   7.629974e-26 
3.047600e+00   4.020677e-26 
3.700700e+00   5.413737e-27 
