1.300000e-02   2.480761e-20 
1.320000e-02   2.440106e-20 
1.340000e-02   2.402022e-20 
1.430000e-02   3.384792e-20 
1.450000e-02   3.346233e-20 
1.500000e-02   3.257190e-20 
2.000000e-02   2.589760e-20 
2.500000e-02   2.058979e-20 
3.000000e-02   2.216315e-20 
3.500000e-02   1.909420e-20 
4.000000e-02   1.649504e-20 
4.500000e-02   1.419109e-20 
5.000000e-02   1.213121e-20 
5.500000e-02   1.034176e-20 
6.000000e-02   8.838375e-21 
6.500000e-02   7.604446e-21 
7.000000e-02   6.594514e-21 
7.500000e-02   4.277285e-20 
8.000000e-02   4.548195e-20 
8.500000e-02   4.376589e-20 
9.000000e-02   4.175126e-20 
9.523900e-02   3.897292e-20 
1.006800e-01   3.489752e-20 
1.142900e-01   2.545068e-20 
1.197300e-01   2.243674e-20 
1.224500e-01   2.107019e-20 
1.251700e-01   1.978851e-20 
1.278900e-01   1.858600e-20 
1.306100e-01   1.745752e-20 
1.333300e-01   1.639837e-20 
1.360600e-01   1.540072e-20 
1.469400e-01   1.199995e-20 
1.496600e-01   1.127664e-20 
1.551000e-01   9.961528e-21 
1.578200e-01   9.364453e-21 
1.605500e-01   8.802442e-21 
1.659900e-01   1.224200e-20 
1.714300e-01   1.124507e-20 
1.768700e-01   1.223291e-20 
1.795900e-01   1.177438e-20 
1.823100e-01   1.128595e-20 
1.850400e-01   1.079293e-20 
1.877600e-01   1.031357e-20 
1.904800e-01   9.853843e-21 
1.959200e-01   9.000354e-21 
1.986400e-01   8.604426e-21 
2.040800e-01   7.870792e-21 
2.068000e-01   7.531914e-21 
2.095300e-01   7.209283e-21 
2.122500e-01   6.904235e-21 
2.149700e-01   6.614556e-21 
2.204100e-01   6.077631e-21 
2.258500e-01   5.591789e-21 
2.367400e-01   5.696897e-21 
2.476200e-01   4.908190e-21 
2.585100e-01   4.236974e-21 
2.721100e-01   3.547619e-21 
2.857200e-01   2.991007e-21 
2.993200e-01   2.538340e-21 
3.129300e-01   2.166667e-21 
3.401400e-01   1.603819e-21 
3.537400e-01   1.389579e-21 
3.809500e-01   1.055532e-21 
3.945600e-01   9.247662e-22 
4.081700e-01   8.127206e-22 
4.353800e-01   6.329879e-22 
4.625900e-01   4.977604e-22 
4.761900e-01   4.428131e-22 
4.898000e-01   3.946499e-22 
5.034000e-01   3.523811e-22 
5.170100e-01   3.151408e-22 
5.578300e-01   2.275002e-22 
5.714300e-01   2.046639e-22 
5.850400e-01   1.843435e-22 
6.122500e-01   1.501158e-22 
6.666700e-01   1.008961e-22 
6.802800e-01   9.159080e-23 
7.074900e-01   7.720140e-23 
7.347000e-01   6.474059e-23 
7.619100e-01   5.367804e-23 
7.891200e-01   4.468971e-23 
8.163300e-01   3.734805e-23 
8.435400e-01   3.132378e-23 
8.707500e-01   2.635968e-23 
9.115700e-01   2.046883e-23 
9.523900e-01   1.599777e-23 
9.932000e-01   1.731557e-23 
1.020400e+00   1.458919e-23 
1.061200e+00   1.442766e-23 
1.088400e+00   1.222019e-23 
1.102000e+00   1.125965e-23 
1.115700e+00   1.037619e-23 
1.129300e+00   9.574695e-24 
1.142900e+00   8.841333e-24 
1.156500e+00   8.169753e-24 
1.170100e+00   7.554262e-24 
1.197300e+00   2.157178e-23 
1.210900e+00   2.011603e-23 
1.224500e+00   1.875952e-23 
1.227200e+00   1.850213e-23 
1.229900e+00   1.824859e-23 
1.232700e+00   1.798964e-23 
1.235400e+00   1.774374e-23 
1.238100e+00   1.750150e-23 
1.240800e+00   1.726286e-23 
1.243500e+00   1.702779e-23 
1.246300e+00   1.678768e-23 
1.249000e+00   1.655966e-23 
1.257200e+00   1.588762e-23 
1.259900e+00   1.567290e-23 
1.262600e+00   1.546134e-23 
1.270800e+00   1.483766e-23 
1.281600e+00   1.405771e-23 
1.289800e+00   1.349533e-23 
1.292500e+00   1.331555e-23 
1.295200e+00   1.313837e-23 
1.298000e+00   1.295735e-23 
1.300700e+00   1.278535e-23 
1.303400e+00   1.261583e-23 
1.306100e+00   1.244874e-23 
1.314300e+00   1.195588e-23 
1.330600e+00   1.103799e-23 
1.341500e+00   1.046707e-23 
1.355100e+00   9.799292e-24 
1.360600e+00   9.542508e-24 
1.371400e+00   9.059266e-24 
1.382300e+00   8.598383e-24 
1.390500e+00   8.268446e-24 
1.395900e+00   8.058688e-24 
1.404100e+00   7.751122e-24 
1.406800e+00   7.652644e-24 
1.409500e+00   7.555524e-24 
1.415000e+00   7.361824e-24 
1.417700e+00   7.268714e-24 
1.420400e+00   7.176877e-24 
1.423100e+00   7.086297e-24 
1.425900e+00   6.993664e-24 
1.428600e+00   6.905588e-24 
1.431300e+00   6.818713e-24 
1.436700e+00   6.648491e-24 
1.439500e+00   6.562048e-24 
1.442200e+00   6.479844e-24 
1.444900e+00   6.398759e-24 
1.447600e+00   6.318765e-24 
1.450400e+00   6.236954e-24 
1.453100e+00   6.159149e-24 
1.455800e+00   6.082395e-24 
1.458500e+00   6.006680e-24 
1.461200e+00   5.931984e-24 
1.466700e+00   5.782915e-24 
1.469400e+00   5.711220e-24 
1.472100e+00   5.640495e-24 
1.477600e+00   5.491961e-24 
1.480300e+00   5.424102e-24 
1.488400e+00   5.225939e-24 
1.491200e+00   5.159267e-24 
1.496600e+00   5.033275e-24 
1.551000e+00   3.934208e-24 
1.632700e+00   2.741323e-24 
1.823100e+00   1.223850e-24 
2.340200e+00   1.625389e-25 
2.829900e+00   2.697285e-26 
3.047600e+00   1.192501e-26 
3.700700e+00   8.579170e-28 
