1.300000e-02   2.477236e-20 
1.320000e-02   2.436591e-20 
1.340000e-02   2.398516e-20 
1.430000e-02   3.379545e-20 
1.450000e-02   3.340982e-20 
1.500000e-02   3.251910e-20 
2.000000e-02   2.584145e-20 
2.500000e-02   2.053311e-20 
3.000000e-02   2.208855e-20 
3.500000e-02   1.901877e-20 
4.000000e-02   1.642026e-20 
4.500000e-02   1.411847e-20 
5.000000e-02   1.206211e-20 
5.500000e-02   1.027691e-20 
6.000000e-02   8.777875e-21 
6.500000e-02   7.547984e-21 
7.000000e-02   6.541669e-21 
7.500000e-02   4.241984e-20 
8.000000e-02   4.507957e-20 
8.500000e-02   4.335143e-20 
9.000000e-02   4.132892e-20 
9.523900e-02   3.855235e-20 
1.006800e-01   3.449675e-20 
1.142900e-01   2.511365e-20 
1.197300e-01   2.212353e-20 
1.224500e-01   2.076844e-20 
1.251700e-01   1.949794e-20 
1.278900e-01   1.830632e-20 
1.306100e-01   1.718844e-20 
1.333300e-01   1.613959e-20 
1.360600e-01   1.515200e-20 
1.469400e-01   1.178835e-20 
1.496600e-01   1.107359e-20 
1.551000e-01   9.774689e-21 
1.578200e-01   9.185291e-21 
1.605500e-01   8.630702e-21 
1.659900e-01   1.199692e-20 
1.714300e-01   1.101173e-20 
1.768700e-01   1.197103e-20 
1.795900e-01   1.151800e-20 
1.823100e-01   1.103607e-20 
1.850400e-01   1.055002e-20 
1.877600e-01   1.007768e-20 
1.904800e-01   9.624876e-21 
1.959200e-01   8.784659e-21 
1.986400e-01   8.395089e-21 
2.040800e-01   7.673570e-21 
2.068000e-01   7.340435e-21 
2.095300e-01   7.023366e-21 
2.122500e-01   6.723658e-21 
2.149700e-01   6.439135e-21 
2.204100e-01   5.911992e-21 
2.258500e-01   5.435271e-21 
2.367400e-01   5.527487e-21 
2.476200e-01   4.754765e-21 
2.585100e-01   4.098066e-21 
2.721100e-01   3.424529e-21 
2.857200e-01   2.881477e-21 
2.993200e-01   2.440478e-21 
3.129300e-01   2.078919e-21 
3.401400e-01   1.532580e-21 
3.537400e-01   1.325110e-21 
3.809500e-01   1.002349e-21 
3.945600e-01   8.763096e-22 
4.081700e-01   7.684878e-22 
4.353800e-01   5.959511e-22 
4.625900e-01   4.665764e-22 
4.761900e-01   4.141487e-22 
4.898000e-01   3.682745e-22 
5.034000e-01   3.280881e-22 
5.170100e-01   2.927467e-22 
5.578300e-01   2.098704e-22 
5.714300e-01   1.883608e-22 
5.850400e-01   1.692577e-22 
6.122500e-01   1.371724e-22 
6.666700e-01   9.129903e-23 
6.802800e-01   8.267259e-23 
7.074900e-01   6.932763e-23 
7.347000e-01   5.783934e-23 
7.619100e-01   4.770985e-23 
7.891200e-01   3.951221e-23 
8.163300e-01   3.284681e-23 
8.435400e-01   2.740123e-23 
8.707500e-01   2.293373e-23 
9.115700e-01   1.766163e-23 
9.523900e-01   1.368998e-23 
9.932000e-01   1.469226e-23 
1.020400e+00   1.230746e-23 
1.061200e+00   1.206418e-23 
1.088400e+00   1.015746e-23 
1.102000e+00   9.330915e-24 
1.115700e+00   8.572563e-24 
1.129300e+00   7.886302e-24 
1.142900e+00   7.259948e-24 
1.156500e+00   6.687827e-24 
1.170100e+00   6.164823e-24 
1.197300e+00   1.749312e-23 
1.210900e+00   1.626117e-23 
1.224500e+00   1.511650e-23 
1.227200e+00   1.489967e-23 
1.229900e+00   1.468617e-23 
1.232700e+00   1.446825e-23 
1.235400e+00   1.426142e-23 
1.238100e+00   1.405779e-23 
1.240800e+00   1.385729e-23 
1.243500e+00   1.365988e-23 
1.246300e+00   1.345836e-23 
1.249000e+00   1.326708e-23 
1.257200e+00   1.270393e-23 
1.259900e+00   1.252419e-23 
1.262600e+00   1.234721e-23 
1.270800e+00   1.182601e-23 
1.281600e+00   1.117542e-23 
1.289800e+00   1.070724e-23 
1.292500e+00   1.055773e-23 
1.295200e+00   1.041046e-23 
1.298000e+00   1.026006e-23 
1.300700e+00   1.011726e-23 
1.303400e+00   9.976595e-24 
1.306100e+00   9.838011e-24 
1.314300e+00   9.429722e-24 
1.330600e+00   8.666098e-24 
1.341500e+00   8.195756e-24 
1.355100e+00   7.647014e-24 
1.360600e+00   7.436409e-24 
1.371400e+00   7.040779e-24 
1.382300e+00   6.664291e-24 
1.390500e+00   6.395298e-24 
1.395900e+00   6.224540e-24 
1.404100e+00   5.974519e-24 
1.406800e+00   5.894571e-24 
1.409500e+00   5.815766e-24 
1.415000e+00   5.658709e-24 
1.417700e+00   5.583282e-24 
1.420400e+00   5.508930e-24 
1.423100e+00   5.435637e-24 
1.425900e+00   5.360728e-24 
1.428600e+00   5.289546e-24 
1.431300e+00   5.219373e-24 
1.436700e+00   5.081997e-24 
1.439500e+00   5.012301e-24 
1.442200e+00   4.946062e-24 
1.444900e+00   4.880749e-24 
1.447600e+00   4.816364e-24 
1.450400e+00   4.750558e-24 
1.453100e+00   4.688011e-24 
1.455800e+00   4.626339e-24 
1.458500e+00   4.565538e-24 
1.461200e+00   4.505593e-24 
1.466700e+00   4.386069e-24 
1.469400e+00   4.328640e-24 
1.472100e+00   4.271997e-24 
1.477600e+00   4.159079e-24 
1.480300e+00   4.104818e-24 
1.488400e+00   3.946528e-24 
1.491200e+00   3.893331e-24 
1.496600e+00   3.792897e-24 
1.551000e+00   2.922332e-24 
1.632700e+00   1.991483e-24 
1.823100e+00   8.415278e-25 
2.340200e+00   9.297234e-26 
2.829900e+00   1.216949e-26 
3.047600e+00   4.841988e-27 
3.700700e+00   1.634494e-28 
