1.300000e-02   2.355244e-20 
1.320000e-02   2.314619e-20 
1.340000e-02   2.277734e-20 
1.430000e-02   3.197898e-20 
1.450000e-02   3.161068e-20 
1.500000e-02   3.071891e-20 
2.000000e-02   2.392709e-20 
2.500000e-02   1.857816e-20 
3.000000e-02   1.953159e-20 
3.500000e-02   1.645555e-20 
4.000000e-02   1.391008e-20 
4.500000e-02   1.170402e-20 
5.000000e-02   9.781283e-21 
5.500000e-02   8.149391e-21 
6.000000e-02   6.804057e-21 
6.500000e-02   5.716143e-21 
7.000000e-02   4.837351e-21 
7.500000e-02   3.130579e-20 
8.000000e-02   3.258056e-20 
8.500000e-02   3.065032e-20 
9.000000e-02   2.857149e-20 
9.523900e-02   2.602531e-20 
1.006800e-01   2.270986e-20 
1.142900e-01   1.549486e-20 
1.197300e-01   1.329144e-20 
1.224500e-01   1.231065e-20 
1.251700e-01   1.140212e-20 
1.278900e-01   1.056037e-20 
1.306100e-01   9.780404e-21 
1.333300e-01   9.057684e-21 
1.360600e-01   8.385680e-21 
1.469400e-01   6.166088e-21 
1.496600e-01   5.709836e-21 
1.551000e-01   4.896472e-21 
1.578200e-01   4.534608e-21 
1.605500e-01   4.198542e-21 
1.659900e-01   5.564076e-21 
1.714300e-01   4.957148e-21 
1.768700e-01   5.189635e-21 
1.795900e-01   4.918178e-21 
1.823100e-01   4.640981e-21 
1.850400e-01   4.368710e-21 
1.877600e-01   4.109217e-21 
1.904800e-01   3.864226e-21 
1.959200e-01   3.418604e-21 
1.986400e-01   3.216198e-21 
2.040800e-01   2.848621e-21 
2.068000e-01   2.682155e-21 
2.095300e-01   2.525707e-21 
2.122500e-01   2.379692e-21 
2.149700e-01   2.242832e-21 
2.204100e-01   1.994074e-21 
2.258500e-01   1.774898e-21 
2.367400e-01   1.632196e-21 
2.476200e-01   1.308082e-21 
2.585100e-01   1.048970e-21 
2.721100e-01   7.998365e-22 
2.857200e-01   6.130790e-22 
2.993200e-01   4.723290e-22 
3.129300e-01   3.654240e-22 
3.401400e-01   2.212322e-22 
3.537400e-01   1.729521e-22 
3.809500e-01   1.064165e-22 
3.945600e-01   8.368075e-23 
4.081700e-01   6.587700e-23 
4.353800e-01   4.090505e-23 
4.625900e-01   2.538943e-23 
4.761900e-01   1.998176e-23 
4.898000e-01   1.570269e-23 
5.034000e-01   1.232103e-23 
5.170100e-01   9.645120e-24 
5.578300e-01   4.546171e-24 
5.714300e-01   3.511092e-24 
5.850400e-01   2.697735e-24 
6.122500e-01   1.564278e-24 
6.666700e-01   4.738783e-25 
6.802800e-01   3.406852e-25 
7.074900e-01   1.692094e-25 
7.347000e-01   7.489473e-26 
7.619100e-01   2.742821e-26 
7.891200e-01   7.134597e-27 
8.163300e-01   7.253411e-28 
8.435400e-01   0.000000e+00 
8.707500e-01   0.000000e+00 
9.115700e-01   0.000000e+00 
9.523900e-01   0.000000e+00 
9.932000e-01   0.000000e+00 
1.020400e+00   0.000000e+00 
1.061200e+00   0.000000e+00 
1.088400e+00   0.000000e+00 
1.102000e+00   0.000000e+00 
1.115700e+00   0.000000e+00 
1.129300e+00   0.000000e+00 
1.142900e+00   0.000000e+00 
1.156500e+00   0.000000e+00 
1.170100e+00   0.000000e+00 
1.197300e+00   0.000000e+00 
1.210900e+00   0.000000e+00 
1.224500e+00   0.000000e+00 
1.227200e+00   0.000000e+00 
1.229900e+00   0.000000e+00 
1.232700e+00   0.000000e+00 
1.235400e+00   0.000000e+00 
1.238100e+00   0.000000e+00 
1.240800e+00   0.000000e+00 
1.243500e+00   0.000000e+00 
1.246300e+00   0.000000e+00 
1.249000e+00   0.000000e+00 
1.257200e+00   0.000000e+00 
1.259900e+00   0.000000e+00 
1.262600e+00   0.000000e+00 
1.270800e+00   0.000000e+00 
1.281600e+00   0.000000e+00 
1.289800e+00   0.000000e+00 
1.292500e+00   0.000000e+00 
1.295200e+00   0.000000e+00 
1.298000e+00   0.000000e+00 
1.300700e+00   0.000000e+00 
1.303400e+00   0.000000e+00 
1.306100e+00   0.000000e+00 
1.314300e+00   0.000000e+00 
1.330600e+00   0.000000e+00 
1.341500e+00   0.000000e+00 
1.355100e+00   0.000000e+00 
1.360600e+00   0.000000e+00 
1.371400e+00   0.000000e+00 
1.382300e+00   0.000000e+00 
1.390500e+00   0.000000e+00 
1.395900e+00   0.000000e+00 
1.404100e+00   0.000000e+00 
1.406800e+00   0.000000e+00 
1.409500e+00   0.000000e+00 
1.415000e+00   0.000000e+00 
1.417700e+00   0.000000e+00 
1.420400e+00   0.000000e+00 
1.423100e+00   0.000000e+00 
1.425900e+00   0.000000e+00 
1.428600e+00   0.000000e+00 
1.431300e+00   0.000000e+00 
1.436700e+00   0.000000e+00 
1.439500e+00   0.000000e+00 
1.442200e+00   0.000000e+00 
1.444900e+00   0.000000e+00 
1.447600e+00   0.000000e+00 
1.450400e+00   0.000000e+00 
1.453100e+00   0.000000e+00 
1.455800e+00   0.000000e+00 
1.458500e+00   0.000000e+00 
1.461200e+00   0.000000e+00 
1.466700e+00   0.000000e+00 
1.469400e+00   0.000000e+00 
1.472100e+00   0.000000e+00 
1.477600e+00   0.000000e+00 
1.480300e+00   0.000000e+00 
1.488400e+00   0.000000e+00 
1.491200e+00   0.000000e+00 
1.496600e+00   0.000000e+00 
1.551000e+00   0.000000e+00 
1.632700e+00   0.000000e+00 
1.823100e+00   0.000000e+00 
2.340200e+00   0.000000e+00 
2.829900e+00   0.000000e+00 
3.047600e+00   0.000000e+00 
3.700700e+00   0.000000e+00 
