1.300000e-02   2.492050e-20 
1.320000e-02   2.451359e-20 
1.340000e-02   2.413247e-20 
1.430000e-02   3.401578e-20 
1.450000e-02   3.363040e-20 
1.500000e-02   3.274072e-20 
2.000000e-02   2.607744e-20 
2.500000e-02   2.077157e-20 
3.000000e-02   2.240214e-20 
3.500000e-02   1.933611e-20 
4.000000e-02   1.673514e-20 
4.500000e-02   1.442439e-20 
5.000000e-02   1.235334e-20 
5.500000e-02   1.055028e-20 
6.000000e-02   9.032923e-21 
6.500000e-02   7.786047e-21 
7.000000e-02   6.764545e-21 
7.500000e-02   4.391564e-20 
8.000000e-02   4.678687e-20 
8.500000e-02   4.511239e-20 
9.000000e-02   4.312606e-20 
9.523900e-02   4.034451e-20 
1.006800e-01   3.620648e-20 
1.142900e-01   2.655548e-20 
1.197300e-01   2.346497e-20 
1.224500e-01   2.206148e-20 
1.251700e-01   2.074377e-20 
1.278900e-01   1.950613e-20 
1.306100e-01   1.834341e-20 
1.333300e-01   1.725092e-20 
1.360600e-01   1.622073e-20 
1.469400e-01   1.269953e-20 
1.496600e-01   1.194844e-20 
1.551000e-01   1.058053e-20 
1.578200e-01   9.958433e-21 
1.605500e-01   9.372200e-21 
1.659900e-01   1.305109e-20 
1.714300e-01   1.201638e-20 
1.768700e-01   1.309772e-20 
1.795900e-01   1.262157e-20 
1.823100e-01   1.211218e-20 
1.850400e-01   1.159664e-20 
1.877600e-01   1.109448e-20 
1.904800e-01   1.061227e-20 
1.959200e-01   9.715698e-21 
1.986400e-01   9.299118e-21 
2.040800e-01   8.526091e-21 
2.068000e-01   8.168525e-21 
2.095300e-01   7.827804e-21 
2.122500e-01   7.505369e-21 
2.149700e-01   7.198907e-21 
2.204100e-01   6.630134e-21 
2.258500e-01   6.114546e-21 
2.367400e-01   6.261375e-21 
2.476200e-01   5.420481e-21 
2.585100e-01   4.701714e-21 
2.721100e-01   3.960508e-21 
2.857200e-01   3.359393e-21 
2.993200e-01   2.868359e-21 
3.129300e-01   2.463401e-21 
3.401400e-01   1.846155e-21 
3.537400e-01   1.609546e-21 
3.809500e-01   1.238140e-21 
3.945600e-01   1.091692e-21 
4.081700e-01   9.655900e-22 
4.353800e-01   7.618751e-22 
4.625900e-01   6.070386e-22 
4.761900e-01   5.436290e-22 
4.898000e-01   4.877569e-22 
5.034000e-01   4.384614e-22 
5.170100e-01   3.947937e-22 
5.578300e-01   2.909297e-22 
5.714300e-01   2.635533e-22 
5.850400e-01   2.390540e-22 
6.122500e-01   1.974376e-22 
6.666700e-01   1.365636e-22 
6.802800e-01   1.248758e-22 
7.074900e-01   1.068577e-22 
7.347000e-01   9.097381e-23 
7.619100e-01   7.656206e-23 
7.891200e-01   6.471071e-23 
8.163300e-01   5.490162e-23 
8.435400e-01   4.676054e-23 
8.707500e-01   3.996709e-23 
9.115700e-01   3.177761e-23 
9.523900e-01   2.543593e-23 
9.932000e-01   2.826506e-23 
1.020400e+00   2.420586e-23 
1.061200e+00   2.454950e-23 
1.088400e+00   2.114308e-23 
1.102000e+00   1.964547e-23 
1.115700e+00   1.825852e-23 
1.129300e+00   1.699152e-23 
1.142900e+00   1.582416e-23 
1.156500e+00   1.474767e-23 
1.170100e+00   1.375420e-23 
1.197300e+00   3.987261e-23 
1.210900e+00   3.750772e-23 
1.224500e+00   3.528627e-23 
1.227200e+00   3.486287e-23 
1.229900e+00   3.444519e-23 
1.232700e+00   3.401798e-23 
1.235400e+00   3.361171e-23 
1.238100e+00   3.321091e-23 
1.240800e+00   3.281552e-23 
1.243500e+00   3.242543e-23 
1.246300e+00   3.202644e-23 
1.249000e+00   3.164695e-23 
1.257200e+00   3.049003e-23 
1.259900e+00   3.013073e-23 
1.262600e+00   2.977617e-23 
1.270800e+00   2.872797e-23 
1.281600e+00   2.741037e-23 
1.289800e+00   2.645540e-23 
1.292500e+00   2.614924e-23 
1.295200e+00   2.584704e-23 
1.298000e+00   2.553781e-23 
1.300700e+00   2.524355e-23 
1.303400e+00   2.495308e-23 
1.306100e+00   2.466642e-23 
1.314300e+00   2.381823e-23 
1.330600e+00   2.222813e-23 
1.341500e+00   2.123161e-23 
1.355100e+00   2.005815e-23 
1.360600e+00   1.960448e-23 
1.371400e+00   1.874692e-23 
1.382300e+00   1.792407e-23 
1.390500e+00   1.733185e-23 
1.395900e+00   1.695387e-23 
1.404100e+00   1.639761e-23 
1.406800e+00   1.621898e-23 
1.409500e+00   1.604251e-23 
1.415000e+00   1.568974e-23 
1.417700e+00   1.551978e-23 
1.420400e+00   1.535188e-23 
1.423100e+00   1.518603e-23 
1.425900e+00   1.501618e-23 
1.428600e+00   1.485441e-23 
1.431300e+00   1.469460e-23 
1.436700e+00   1.438077e-23 
1.439500e+00   1.422102e-23 
1.442200e+00   1.406888e-23 
1.444900e+00   1.391856e-23 
1.447600e+00   1.377005e-23 
1.450400e+00   1.361793e-23 
1.453100e+00   1.347303e-23 
1.455800e+00   1.332987e-23 
1.458500e+00   1.318842e-23 
1.461200e+00   1.304866e-23 
1.466700e+00   1.276910e-23 
1.469400e+00   1.263434e-23 
1.472100e+00   1.250117e-23 
1.477600e+00   1.223479e-23 
1.480300e+00   1.210634e-23 
1.488400e+00   1.173008e-23 
1.491200e+00   1.160310e-23 
1.496600e+00   1.136253e-23 
1.551000e+00   9.228741e-24 
1.632700e+00   6.819801e-24 
1.823100e+00   3.490403e-24 
2.340200e+00   7.024610e-25 
2.829900e+00   1.837010e-25 
3.047600e+00   1.017025e-25 
3.700700e+00   2.006830e-26 
