1.300000e-02   2.384256e-20 
1.320000e-02   2.344049e-20 
1.340000e-02   2.306344e-20 
1.430000e-02   3.241975e-20 
1.450000e-02   3.203373e-20 
1.500000e-02   3.113920e-20 
2.000000e-02   2.434300e-20 
2.500000e-02   1.898625e-20 
3.000000e-02   2.007173e-20 
3.500000e-02   1.699583e-20 
4.000000e-02   1.443886e-20 
4.500000e-02   1.221083e-20 
5.000000e-02   1.025815e-20 
5.500000e-02   8.592376e-21 
6.000000e-02   7.213067e-21 
6.500000e-02   6.093491e-21 
7.000000e-02   5.186019e-21 
7.500000e-02   3.356142e-20 
8.000000e-02   3.509143e-20 
8.500000e-02   3.317462e-20 
9.000000e-02   3.107834e-20 
9.523900e-02   2.845892e-20 
1.006800e-01   2.497483e-20 
1.142900e-01   1.729374e-20 
1.197300e-01   1.492498e-20 
1.224500e-01   1.386623e-20 
1.251700e-01   1.288277e-20 
1.278900e-01   1.196906e-20 
1.306100e-01   1.112001e-20 
1.333300e-01   1.033104e-20 
1.360600e-01   9.595325e-21 
1.469400e-01   7.148197e-21 
1.496600e-01   6.641318e-21 
1.551000e-01   5.733706e-21 
1.578200e-01   5.328066e-21 
1.605500e-01   4.950202e-21 
1.659900e-01   6.656723e-21 
1.714300e-01   5.973173e-21 
1.768700e-01   6.317749e-21 
1.795900e-01   6.009215e-21 
1.823100e-01   5.691547e-21 
1.850400e-01   5.377765e-21 
1.877600e-01   5.077412e-21 
1.904800e-01   4.792818e-21 
1.959200e-01   4.272619e-21 
1.986400e-01   4.035140e-21 
2.040800e-01   3.601760e-21 
2.068000e-01   3.404532e-21 
2.095300e-01   3.218572e-21 
2.122500e-01   3.044449e-21 
2.149700e-01   2.880710e-21 
2.204100e-01   2.581635e-21 
2.258500e-01   2.316360e-21 
2.367400e-01   2.184723e-21 
2.476200e-01   1.782254e-21 
2.585100e-01   1.455510e-21 
2.721100e-01   1.135978e-21 
2.857200e-01   8.917481e-22 
2.993200e-01   7.039623e-22 
3.129300e-01   5.583642e-22 
3.401400e-01   3.558808e-22 
3.537400e-01   2.857094e-22 
3.809500e-01   1.857653e-22 
3.945600e-01   1.503319e-22 
4.081700e-01   1.218989e-22 
4.353800e-01   8.053767e-23 
4.625900e-01   5.344318e-23 
4.761900e-01   4.358186e-23 
4.898000e-01   3.554775e-23 
5.034000e-01   2.900313e-23 
5.170100e-01   2.365839e-23 
5.578300e-01   1.281263e-23 
5.714300e-01   1.042962e-23 
5.850400e-01   8.479492e-24 
6.122500e-01   5.583155e-24 
6.666700e-01   2.365417e-24 
6.802800e-01   1.895939e-24 
7.074900e-01   1.228137e-24 
7.347000e-01   7.756622e-25 
7.619100e-01   4.728930e-25 
7.891200e-01   2.807214e-25 
8.163300e-01   1.608422e-25 
8.435400e-01   8.781436e-26 
8.707500e-01   4.480471e-26 
9.115700e-01   1.328025e-26 
9.523900e-01   2.338018e-27 
9.932000e-01   5.607515e-29 
1.020400e+00   0.000000e+00 
1.061200e+00   0.000000e+00 
1.088400e+00   0.000000e+00 
1.102000e+00   0.000000e+00 
1.115700e+00   0.000000e+00 
1.129300e+00   0.000000e+00 
1.142900e+00   0.000000e+00 
1.156500e+00   0.000000e+00 
1.170100e+00   0.000000e+00 
1.197300e+00   0.000000e+00 
1.210900e+00   0.000000e+00 
1.224500e+00   0.000000e+00 
1.227200e+00   0.000000e+00 
1.229900e+00   0.000000e+00 
1.232700e+00   0.000000e+00 
1.235400e+00   0.000000e+00 
1.238100e+00   0.000000e+00 
1.240800e+00   0.000000e+00 
1.243500e+00   0.000000e+00 
1.246300e+00   0.000000e+00 
1.249000e+00   0.000000e+00 
1.257200e+00   0.000000e+00 
1.259900e+00   0.000000e+00 
1.262600e+00   0.000000e+00 
1.270800e+00   0.000000e+00 
1.281600e+00   0.000000e+00 
1.289800e+00   0.000000e+00 
1.292500e+00   0.000000e+00 
1.295200e+00   0.000000e+00 
1.298000e+00   0.000000e+00 
1.300700e+00   0.000000e+00 
1.303400e+00   0.000000e+00 
1.306100e+00   0.000000e+00 
1.314300e+00   0.000000e+00 
1.330600e+00   0.000000e+00 
1.341500e+00   0.000000e+00 
1.355100e+00   0.000000e+00 
1.360600e+00   0.000000e+00 
1.371400e+00   0.000000e+00 
1.382300e+00   0.000000e+00 
1.390500e+00   0.000000e+00 
1.395900e+00   0.000000e+00 
1.404100e+00   0.000000e+00 
1.406800e+00   0.000000e+00 
1.409500e+00   0.000000e+00 
1.415000e+00   0.000000e+00 
1.417700e+00   0.000000e+00 
1.420400e+00   0.000000e+00 
1.423100e+00   0.000000e+00 
1.425900e+00   0.000000e+00 
1.428600e+00   0.000000e+00 
1.431300e+00   0.000000e+00 
1.436700e+00   0.000000e+00 
1.439500e+00   0.000000e+00 
1.442200e+00   0.000000e+00 
1.444900e+00   0.000000e+00 
1.447600e+00   0.000000e+00 
1.450400e+00   0.000000e+00 
1.453100e+00   0.000000e+00 
1.455800e+00   0.000000e+00 
1.458500e+00   0.000000e+00 
1.461200e+00   0.000000e+00 
1.466700e+00   0.000000e+00 
1.469400e+00   0.000000e+00 
1.472100e+00   0.000000e+00 
1.477600e+00   0.000000e+00 
1.480300e+00   0.000000e+00 
1.488400e+00   0.000000e+00 
1.491200e+00   0.000000e+00 
1.496600e+00   0.000000e+00 
1.551000e+00   0.000000e+00 
1.632700e+00   0.000000e+00 
1.823100e+00   0.000000e+00 
2.340200e+00   0.000000e+00 
2.829900e+00   0.000000e+00 
3.047600e+00   0.000000e+00 
3.700700e+00   0.000000e+00 
