1.300000e-02   2.453999e-20 
1.320000e-02   2.413424e-20 
1.340000e-02   2.375401e-20 
1.430000e-02   3.344906e-20 
1.450000e-02   3.306296e-20 
1.500000e-02   3.217069e-20 
2.000000e-02   2.547167e-20 
2.500000e-02   2.016062e-20 
3.000000e-02   2.159786e-20 
3.500000e-02   1.852359e-20 
4.000000e-02   1.593018e-20 
4.500000e-02   1.364328e-20 
5.000000e-02   1.161030e-20 
5.500000e-02   9.853530e-21 
6.000000e-02   8.383814e-21 
6.500000e-02   7.180587e-21 
7.000000e-02   6.197858e-21 
7.500000e-02   4.014106e-20 
8.000000e-02   4.249167e-20 
8.500000e-02   4.069549e-20 
9.000000e-02   3.863314e-20 
9.523900e-02   3.587732e-20 
1.006800e-01   3.195482e-20 
1.142900e-01   2.298908e-20 
1.197300e-01   2.015398e-20 
1.224500e-01   1.887334e-20 
1.251700e-01   1.767527e-20 
1.278900e-01   1.655411e-20 
1.306100e-01   1.550470e-20 
1.333300e-01   1.452235e-20 
1.360600e-01   1.359949e-20 
1.469400e-01   1.047395e-20 
1.496600e-01   9.813781e-21 
1.551000e-01   8.618257e-21 
1.578200e-01   8.077704e-21 
1.605500e-01   7.570267e-21 
1.659900e-01   1.047215e-20 
1.714300e-01   9.563298e-21 
1.768700e-01   1.034335e-20 
1.795900e-01   9.926401e-21 
1.823100e-01   9.486663e-21 
1.850400e-01   9.045499e-21 
1.877600e-01   8.618367e-21 
1.904800e-01   8.209995e-21 
1.959200e-01   7.454753e-21 
1.986400e-01   7.105779e-21 
2.040800e-01   6.461529e-21 
2.068000e-01   6.164982e-21 
2.095300e-01   5.883293e-21 
2.122500e-01   5.617556e-21 
2.149700e-01   5.365785e-21 
2.204100e-01   4.900710e-21 
2.258500e-01   4.481822e-21 
2.367400e-01   4.493208e-21 
2.476200e-01   3.822205e-21 
2.585100e-01   3.257473e-21 
2.721100e-01   2.683793e-21 
2.857200e-01   2.226088e-21 
2.993200e-01   1.858337e-21 
3.129300e-01   1.560070e-21 
3.401400e-01   1.116523e-21 
3.537400e-01   9.509937e-22 
3.809500e-01   6.977781e-22 
3.945600e-01   6.006841e-22 
4.081700e-01   5.186237e-22 
4.353800e-01   3.896639e-22 
4.625900e-01   2.953936e-22 
4.761900e-01   2.579493e-22 
4.898000e-01   2.256186e-22 
5.034000e-01   1.976770e-22 
5.170100e-01   1.734376e-22 
5.578300e-01   1.180966e-22 
5.714300e-01   1.041554e-22 
5.850400e-01   9.195307e-23 
6.122500e-01   7.189912e-23 
6.666700e-01   4.445340e-23 
6.802800e-01   3.950063e-23 
7.074900e-01   3.187276e-23 
7.347000e-01   2.557178e-23 
7.619100e-01   2.027287e-23 
7.891200e-01   1.612522e-23 
8.163300e-01   1.286437e-23 
8.435400e-01   1.029089e-23 
8.707500e-01   8.252879e-24 
9.115700e-01   5.952157e-24 
9.523900e-01   4.312676e-24 
9.932000e-01   4.338313e-24 
1.020400e+00   3.465307e-24 
1.061200e+00   3.159565e-24 
1.088400e+00   2.530253e-24 
1.102000e+00   2.266004e-24 
1.115700e+00   2.028654e-24 
1.129300e+00   1.818426e-24 
1.142900e+00   1.630658e-24 
1.156500e+00   1.462849e-24 
1.170100e+00   1.312798e-24 
1.197300e+00   3.516976e-24 
1.210900e+00   3.180565e-24 
1.224500e+00   2.875585e-24 
1.227200e+00   2.818626e-24 
1.229900e+00   2.762808e-24 
1.232700e+00   2.706090e-24 
1.235400e+00   2.652521e-24 
1.238100e+00   2.600028e-24 
1.240800e+00   2.548571e-24 
1.243500e+00   2.498152e-24 
1.246300e+00   2.446929e-24 
1.249000e+00   2.398543e-24 
1.257200e+00   2.257410e-24 
1.259900e+00   2.212802e-24 
1.262600e+00   2.169075e-24 
1.270800e+00   2.041532e-24 
1.281600e+00   1.884975e-24 
1.289800e+00   1.774216e-24 
1.292500e+00   1.739183e-24 
1.295200e+00   1.704853e-24 
1.298000e+00   1.669970e-24 
1.300700e+00   1.637008e-24 
1.303400e+00   1.604697e-24 
1.306100e+00   1.573029e-24 
1.314300e+00   1.480624e-24 
1.330600e+00   1.312752e-24 
1.341500e+00   1.211223e-24 
1.355100e+00   1.095457e-24 
1.360600e+00   1.051827e-24 
1.371400e+00   9.711227e-25 
1.382300e+00   8.959041e-25 
1.390500e+00   8.431561e-25 
1.395900e+00   8.101057e-25 
1.404100e+00   7.623642e-25 
1.406800e+00   7.472611e-25 
1.409500e+00   7.324546e-25 
1.415000e+00   7.031819e-25 
1.417700e+00   6.892369e-25 
1.420400e+00   6.755639e-25 
1.423100e+00   6.621614e-25 
1.425900e+00   6.485347e-25 
1.428600e+00   6.356584e-25 
1.431300e+00   6.230342e-25 
1.436700e+00   5.985229e-25 
1.439500e+00   5.861894e-25 
1.442200e+00   5.745352e-25 
1.444900e+00   5.631083e-25 
1.447600e+00   5.519042e-25 
1.450400e+00   5.405199e-25 
1.453100e+00   5.297553e-25 
1.455800e+00   5.192028e-25 
1.458500e+00   5.088555e-25 
1.461200e+00   4.987112e-25 
1.466700e+00   4.786556e-25 
1.469400e+00   4.691002e-25 
1.472100e+00   4.597347e-25 
1.477600e+00   4.412139e-25 
1.480300e+00   4.323931e-25 
1.488400e+00   4.069440e-25 
1.491200e+00   3.984962e-25 
1.496600e+00   3.826793e-25 
1.551000e+00   2.538071e-25 
1.632700e+00   1.353704e-25 
1.823100e+00   2.834505e-26 
2.340200e+00   5.190076e-32 
2.829900e+00   0.000000e+00 
3.047600e+00   0.000000e+00 
3.700700e+00   0.000000e+00 
