1.300000e-02   2.493642e-20 
1.320000e-02   2.452946e-20 
1.340000e-02   2.414829e-20 
1.430000e-02   3.403941e-20 
1.450000e-02   3.365406e-20 
1.500000e-02   3.276449e-20 
2.000000e-02   2.610281e-20 
2.500000e-02   2.079723e-20 
3.000000e-02   2.243584e-20 
3.500000e-02   1.937027e-20 
4.000000e-02   1.676906e-20 
4.500000e-02   1.445737e-20 
5.000000e-02   1.238475e-20 
5.500000e-02   1.057977e-20 
6.000000e-02   9.060442e-21 
6.500000e-02   7.811741e-21 
7.000000e-02   6.788603e-21 
7.500000e-02   4.407828e-20 
8.000000e-02   4.697287e-20 
8.500000e-02   4.530463e-20 
9.000000e-02   4.332264e-20 
9.523900e-02   4.054095e-20 
1.006800e-01   3.639422e-20 
1.142900e-01   2.671442e-20 
1.197300e-01   2.361308e-20 
1.224500e-01   2.220436e-20 
1.251700e-01   2.088154e-20 
1.278900e-01   1.963891e-20 
1.306100e-01   1.847132e-20 
1.333300e-01   1.737410e-20 
1.360600e-01   1.633929e-20 
1.469400e-01   1.280092e-20 
1.496600e-01   1.204586e-20 
1.551000e-01   1.067040e-20 
1.578200e-01   1.004471e-20 
1.605500e-01   9.455010e-21 
1.659900e-01   1.316816e-20 
1.714300e-01   1.212810e-20 
1.768700e-01   1.322286e-20 
1.795900e-01   1.274423e-20 
1.823100e-01   1.223185e-20 
1.850400e-01   1.171312e-20 
1.877600e-01   1.120771e-20 
1.904800e-01   1.072230e-20 
1.959200e-01   9.819580e-21 
1.986400e-01   9.400051e-21 
2.040800e-01   8.621389e-21 
2.068000e-01   8.261150e-21 
2.095300e-01   7.917839e-21 
2.122500e-01   7.592917e-21 
2.149700e-01   7.284054e-21 
2.204100e-01   6.710719e-21 
2.258500e-01   6.190871e-21 
2.367400e-01   6.343541e-21 
2.476200e-01   5.495175e-21 
2.585100e-01   4.769594e-21 
2.721100e-01   4.020938e-21 
2.857200e-01   3.413423e-21 
2.993200e-01   2.916871e-21 
3.129300e-01   2.507117e-21 
3.401400e-01   1.882023e-21 
3.537400e-01   1.642182e-21 
3.809500e-01   1.265368e-21 
3.945600e-01   1.116645e-21 
4.081700e-01   9.885024e-22 
4.353800e-01   7.812965e-22 
4.625900e-01   6.235965e-22 
4.761900e-01   5.589474e-22 
4.898000e-01   5.019439e-22 
5.034000e-01   4.516151e-22 
5.170100e-01   4.070003e-22 
5.578300e-01   3.007360e-22 
5.714300e-01   2.726849e-22 
5.850400e-01   2.475629e-22 
6.122500e-01   2.048418e-22 
6.666700e-01   1.422132e-22 
6.802800e-01   1.301642e-22 
7.074900e-01   1.116039e-22 
7.347000e-01   9.520040e-23 
7.619100e-01   8.027180e-23 
7.891200e-01   6.797657e-23 
8.163300e-01   5.778356e-23 
8.435400e-01   4.931109e-23 
8.707500e-01   4.222985e-23 
9.115700e-01   3.367659e-23 
9.523900e-01   2.703645e-23 
9.932000e-01   3.015411e-23 
1.020400e+00   2.587730e-23 
1.061200e+00   2.632065e-23 
1.088400e+00   2.271630e-23 
1.102000e+00   2.112966e-23 
1.115700e+00   1.965900e-23 
1.129300e+00   1.831445e-23 
1.142900e+00   1.707457e-23 
1.156500e+00   1.593026e-23 
1.170100e+00   1.487331e-23 
1.197300e+00   4.314275e-23 
1.210900e+00   4.062874e-23 
1.224500e+00   3.826507e-23 
1.227200e+00   3.781430e-23 
1.229900e+00   3.736956e-23 
1.232700e+00   3.691459e-23 
1.235400e+00   3.648180e-23 
1.238100e+00   3.605477e-23 
1.240800e+00   3.563347e-23 
1.243500e+00   3.521774e-23 
1.246300e+00   3.479244e-23 
1.249000e+00   3.438783e-23 
1.257200e+00   3.319144e-23 
1.259900e+00   3.280796e-23 
1.262600e+00   3.242950e-23 
1.270800e+00   3.131022e-23 
1.281600e+00   2.990232e-23 
1.289800e+00   2.888131e-23 
1.292500e+00   2.855381e-23 
1.295200e+00   2.823056e-23 
1.298000e+00   2.789969e-23 
1.300700e+00   2.758479e-23 
1.303400e+00   2.727393e-23 
1.306100e+00   2.696704e-23 
1.314300e+00   2.605872e-23 
1.330600e+00   2.431739e-23 
1.341500e+00   2.324748e-23 
1.355100e+00   2.198641e-23 
1.360600e+00   2.149858e-23 
1.371400e+00   2.057591e-23 
1.382300e+00   1.968994e-23 
1.390500e+00   1.905187e-23 
1.395900e+00   1.864452e-23 
1.404100e+00   1.804464e-23 
1.406800e+00   1.785195e-23 
1.409500e+00   1.766158e-23 
1.415000e+00   1.728087e-23 
1.417700e+00   1.709739e-23 
1.420400e+00   1.691611e-23 
1.423100e+00   1.673701e-23 
1.425900e+00   1.655355e-23 
1.428600e+00   1.637879e-23 
1.431300e+00   1.620612e-23 
1.436700e+00   1.586694e-23 
1.439500e+00   1.569425e-23 
1.442200e+00   1.552973e-23 
1.444900e+00   1.536717e-23 
1.447600e+00   1.520654e-23 
1.450400e+00   1.504196e-23 
1.453100e+00   1.488517e-23 
1.455800e+00   1.473024e-23 
1.458500e+00   1.457713e-23 
1.461200e+00   1.442581e-23 
1.466700e+00   1.412304e-23 
1.469400e+00   1.397706e-23 
1.472100e+00   1.383278e-23 
1.477600e+00   1.354408e-23 
1.480300e+00   1.340486e-23 
1.488400e+00   1.299684e-23 
1.491200e+00   1.285909e-23 
1.496600e+00   1.259806e-23 
1.551000e+00   1.027808e-23 
1.632700e+00   7.647017e-24 
1.823100e+00   3.976400e-24 
2.340200e+00   8.373414e-25 
2.829900e+00   2.291973e-25 
3.047600e+00   1.360035e-25 
3.700700e+00   2.754277e-26 
