1.300000e-02   2.414245e-20 
1.320000e-02   2.373775e-20 
1.340000e-02   2.335834e-20 
1.430000e-02   3.285461e-20 
1.450000e-02   3.246775e-20 
1.500000e-02   3.157282e-20 
2.000000e-02   2.482737e-20 
2.500000e-02   1.949357e-20 
3.000000e-02   2.075692e-20 
3.500000e-02   1.767715e-20 
4.000000e-02   1.510280e-20 
4.500000e-02   1.284660e-20 
5.000000e-02   1.085700e-20 
5.500000e-02   9.149905e-21 
6.000000e-02   7.729323e-21 
6.500000e-02   6.571526e-21 
7.000000e-02   5.629599e-21 
7.500000e-02   3.642743e-20 
8.000000e-02   3.830071e-20 
8.500000e-02   3.642151e-20 
9.000000e-02   3.432435e-20 
9.523900e-02   3.163132e-20 
1.006800e-01   2.794658e-20 
1.142900e-01   1.969225e-20 
1.197300e-01   1.711731e-20 
1.224500e-01   1.596083e-20 
1.251700e-01   1.488309e-20 
1.278900e-01   1.387848e-20 
1.306100e-01   1.294186e-20 
1.333300e-01   1.206858e-20 
1.360600e-01   1.125149e-20 
1.469400e-01   8.511174e-21 
1.496600e-01   7.938464e-21 
1.551000e-01   6.907652e-21 
1.578200e-01   6.444485e-21 
1.605500e-01   6.011504e-21 
1.659900e-01   8.205811e-21 
1.714300e-01   7.423900e-21 
1.768700e-01   7.939872e-21 
1.795900e-01   7.583772e-21 
1.823100e-01   7.213287e-21 
1.850400e-01   6.844813e-21 
1.877600e-01   6.490278e-21 
1.904800e-01   6.152944e-21 
1.959200e-01   5.532919e-21 
1.986400e-01   5.248251e-21 
2.040800e-01   4.725892e-21 
2.068000e-01   4.486874e-21 
2.095300e-01   4.260704e-21 
2.122500e-01   4.048167e-21 
2.149700e-01   3.847583e-21 
2.204100e-01   3.479218e-21 
2.258500e-01   3.150065e-21 
2.367400e-01   3.059807e-21 
2.476200e-01   2.546527e-21 
2.585100e-01   2.122584e-21 
2.721100e-01   1.700229e-21 
2.857200e-01   1.370529e-21 
2.993200e-01   1.111468e-21 
3.129300e-01   9.060899e-22 
3.401400e-01   6.108548e-22 
3.537400e-01   5.047070e-22 
3.809500e-01   3.480755e-22 
3.945600e-01   2.903343e-22 
4.081700e-01   2.427895e-22 
4.353800e-01   1.709195e-22 
4.625900e-01   1.211900e-22 
4.761900e-01   1.022787e-22 
4.898000e-01   8.641490e-23 
5.034000e-01   7.310106e-23 
5.170100e-01   6.189071e-23 
5.578300e-01   3.774180e-23 
5.714300e-01   3.204754e-23 
5.850400e-01   2.722214e-23 
6.122500e-01   1.966587e-23 
6.666700e-01   1.028932e-23 
6.802800e-01   8.751636e-24 
7.074900e-01   6.453077e-24 
7.347000e-01   4.712852e-24 
7.619100e-01   3.386821e-24 
7.891200e-01   2.430803e-24 
8.163300e-01   1.740995e-24 
8.435400e-01   1.243256e-24 
8.707500e-01   8.843700e-25 
9.115700e-01   5.254756e-25 
9.523900e-01   3.074703e-25 
9.932000e-01   2.434706e-25 
1.020400e+00   1.627627e-25 
1.061200e+00   1.098483e-25 
1.088400e+00   7.008372e-26 
1.102000e+00   5.546440e-26 
1.115700e+00   4.349982e-26 
1.129300e+00   3.388636e-26 
1.142900e+00   2.614991e-26 
1.156500e+00   1.995400e-26 
1.170100e+00   1.503301e-26 
1.197300e+00   2.755952e-26 
1.210900e+00   1.980651e-26 
1.224500e+00   1.383645e-26 
1.227200e+00   1.283527e-26 
1.229900e+00   1.189077e-26 
1.232700e+00   1.097123e-26 
1.235400e+00   1.013427e-26 
1.238100e+00   9.340959e-27 
1.240800e+00   8.597941e-27 
1.243500e+00   7.900794e-27 
1.246300e+00   7.219449e-27 
1.249000e+00   6.605494e-27 
1.257200e+00   4.979134e-27 
1.259900e+00   4.511024e-27 
1.262600e+00   4.075658e-27 
1.270800e+00   2.938237e-27 
1.281600e+00   1.810193e-27 
1.289800e+00   1.182683e-27 
1.292500e+00   1.015913e-27 
1.295200e+00   8.643097e-28 
1.298000e+00   7.231648e-28 
1.300700e+00   6.023033e-28 
1.303400e+00   4.983815e-28 
1.306100e+00   4.050062e-28 
1.314300e+00   1.946915e-28 
1.330600e+00   1.468355e-29 
1.341500e+00   0.000000e+00 
1.355100e+00   0.000000e+00 
1.360600e+00   0.000000e+00 
1.371400e+00   0.000000e+00 
1.382300e+00   0.000000e+00 
1.390500e+00   0.000000e+00 
1.395900e+00   0.000000e+00 
1.404100e+00   0.000000e+00 
1.406800e+00   0.000000e+00 
1.409500e+00   0.000000e+00 
1.415000e+00   0.000000e+00 
1.417700e+00   0.000000e+00 
1.420400e+00   0.000000e+00 
1.423100e+00   0.000000e+00 
1.425900e+00   0.000000e+00 
1.428600e+00   0.000000e+00 
1.431300e+00   0.000000e+00 
1.436700e+00   0.000000e+00 
1.439500e+00   0.000000e+00 
1.442200e+00   0.000000e+00 
1.444900e+00   0.000000e+00 
1.447600e+00   0.000000e+00 
1.450400e+00   0.000000e+00 
1.453100e+00   0.000000e+00 
1.455800e+00   0.000000e+00 
1.458500e+00   0.000000e+00 
1.461200e+00   0.000000e+00 
1.466700e+00   0.000000e+00 
1.469400e+00   0.000000e+00 
1.472100e+00   0.000000e+00 
1.477600e+00   0.000000e+00 
1.480300e+00   0.000000e+00 
1.488400e+00   0.000000e+00 
1.491200e+00   0.000000e+00 
1.496600e+00   0.000000e+00 
1.551000e+00   0.000000e+00 
1.632700e+00   0.000000e+00 
1.823100e+00   0.000000e+00 
2.340200e+00   0.000000e+00 
2.829900e+00   0.000000e+00 
3.047600e+00   0.000000e+00 
3.700700e+00   0.000000e+00 
