1.300000e-02   1.699302e-20 
1.320000e-02   1.660868e-20 
1.340000e-02   1.624656e-20 
1.430000e-02   2.221908e-20 
1.450000e-02   2.183013e-20 
1.500000e-02   2.092306e-20 
2.000000e-02   1.417997e-20 
2.500000e-02   9.481298e-21 
3.000000e-02   8.488686e-21 
3.500000e-02   6.077421e-21 
4.000000e-02   4.354210e-21 
4.500000e-02   3.083718e-21 
5.000000e-02   2.150364e-21 
5.500000e-02   1.484426e-21 
6.000000e-02   1.022657e-21 
6.500000e-02   7.072259e-22 
7.000000e-02   4.912255e-22 
7.500000e-02   2.425970e-21 
8.000000e-02   2.100548e-21 
8.500000e-02   1.648316e-21 
9.000000e-02   1.283441e-21 
9.523900e-02   9.587040e-22 
1.006800e-01   6.676743e-22 
1.142900e-01   2.402874e-22 
1.197300e-01   1.537601e-22 
1.224500e-01   1.216711e-22 
1.251700e-01   9.545250e-23 
1.278900e-01   7.414615e-23 
1.306100e-01   5.694062e-23 
1.333300e-01   4.315133e-23 
1.360600e-01   3.216076e-23 
1.469400e-01   7.921372e-24 
1.496600e-01   5.107264e-24 
1.551000e-01   1.739057e-24 
1.578200e-01   8.616083e-25 
1.605500e-01   3.465499e-25 
1.659900e-01   7.797711e-27 
1.714300e-01   0.000000e+00 
1.768700e-01   0.000000e+00 
1.795900e-01   0.000000e+00 
1.823100e-01   0.000000e+00 
1.850400e-01   0.000000e+00 
1.877600e-01   0.000000e+00 
1.904800e-01   0.000000e+00 
1.959200e-01   0.000000e+00 
1.986400e-01   0.000000e+00 
2.040800e-01   0.000000e+00 
2.068000e-01   0.000000e+00 
2.095300e-01   0.000000e+00 
2.122500e-01   0.000000e+00 
2.149700e-01   0.000000e+00 
2.204100e-01   0.000000e+00 
2.258500e-01   0.000000e+00 
2.367400e-01   0.000000e+00 
2.476200e-01   0.000000e+00 
2.585100e-01   0.000000e+00 
2.721100e-01   0.000000e+00 
2.857200e-01   0.000000e+00 
2.993200e-01   0.000000e+00 
3.129300e-01   0.000000e+00 
3.401400e-01   0.000000e+00 
3.537400e-01   0.000000e+00 
3.809500e-01   0.000000e+00 
3.945600e-01   0.000000e+00 
4.081700e-01   0.000000e+00 
4.353800e-01   0.000000e+00 
4.625900e-01   0.000000e+00 
4.761900e-01   0.000000e+00 
4.898000e-01   0.000000e+00 
5.034000e-01   0.000000e+00 
5.170100e-01   0.000000e+00 
5.578300e-01   0.000000e+00 
5.714300e-01   0.000000e+00 
5.850400e-01   0.000000e+00 
6.122500e-01   0.000000e+00 
6.666700e-01   0.000000e+00 
6.802800e-01   0.000000e+00 
7.074900e-01   0.000000e+00 
7.347000e-01   0.000000e+00 
7.619100e-01   0.000000e+00 
7.891200e-01   0.000000e+00 
8.163300e-01   0.000000e+00 
8.435400e-01   0.000000e+00 
8.707500e-01   0.000000e+00 
9.115700e-01   0.000000e+00 
9.523900e-01   0.000000e+00 
9.932000e-01   0.000000e+00 
1.020400e+00   0.000000e+00 
1.061200e+00   0.000000e+00 
1.088400e+00   0.000000e+00 
1.102000e+00   0.000000e+00 
1.115700e+00   0.000000e+00 
1.129300e+00   0.000000e+00 
1.142900e+00   0.000000e+00 
1.156500e+00   0.000000e+00 
1.170100e+00   0.000000e+00 
1.197300e+00   0.000000e+00 
1.210900e+00   0.000000e+00 
1.224500e+00   0.000000e+00 
1.227200e+00   0.000000e+00 
1.229900e+00   0.000000e+00 
1.232700e+00   0.000000e+00 
1.235400e+00   0.000000e+00 
1.238100e+00   0.000000e+00 
1.240800e+00   0.000000e+00 
1.243500e+00   0.000000e+00 
1.246300e+00   0.000000e+00 
1.249000e+00   0.000000e+00 
1.257200e+00   0.000000e+00 
1.259900e+00   0.000000e+00 
1.262600e+00   0.000000e+00 
1.270800e+00   0.000000e+00 
1.281600e+00   0.000000e+00 
1.289800e+00   0.000000e+00 
1.292500e+00   0.000000e+00 
1.295200e+00   0.000000e+00 
1.298000e+00   0.000000e+00 
1.300700e+00   0.000000e+00 
1.303400e+00   0.000000e+00 
1.306100e+00   0.000000e+00 
1.314300e+00   0.000000e+00 
1.330600e+00   0.000000e+00 
1.341500e+00   0.000000e+00 
1.355100e+00   0.000000e+00 
1.360600e+00   0.000000e+00 
1.371400e+00   0.000000e+00 
1.382300e+00   0.000000e+00 
1.390500e+00   0.000000e+00 
1.395900e+00   0.000000e+00 
1.404100e+00   0.000000e+00 
1.406800e+00   0.000000e+00 
1.409500e+00   0.000000e+00 
1.415000e+00   0.000000e+00 
1.417700e+00   0.000000e+00 
1.420400e+00   0.000000e+00 
1.423100e+00   0.000000e+00 
1.425900e+00   0.000000e+00 
1.428600e+00   0.000000e+00 
1.431300e+00   0.000000e+00 
1.436700e+00   0.000000e+00 
1.439500e+00   0.000000e+00 
1.442200e+00   0.000000e+00 
1.444900e+00   0.000000e+00 
1.447600e+00   0.000000e+00 
1.450400e+00   0.000000e+00 
1.453100e+00   0.000000e+00 
1.455800e+00   0.000000e+00 
1.458500e+00   0.000000e+00 
1.461200e+00   0.000000e+00 
1.466700e+00   0.000000e+00 
1.469400e+00   0.000000e+00 
1.472100e+00   0.000000e+00 
1.477600e+00   0.000000e+00 
1.480300e+00   0.000000e+00 
1.488400e+00   0.000000e+00 
1.491200e+00   0.000000e+00 
1.496600e+00   0.000000e+00 
1.551000e+00   0.000000e+00 
1.632700e+00   0.000000e+00 
1.823100e+00   0.000000e+00 
2.340200e+00   0.000000e+00 
2.829900e+00   0.000000e+00 
3.047600e+00   0.000000e+00 
3.700700e+00   0.000000e+00 
