1.300000e-02   2.173587e-20 
1.320000e-02   2.133742e-20 
1.340000e-02   2.096303e-20 
1.430000e-02   2.925422e-20 
1.450000e-02   2.886415e-20 
1.500000e-02   2.795762e-20 
2.000000e-02   2.106834e-20 
2.500000e-02   1.578942e-20 
3.000000e-02   1.600413e-20 
3.500000e-02   1.299779e-20 
4.000000e-02   1.058740e-20 
4.500000e-02   8.574092e-21 
5.000000e-02   6.886542e-21 
5.500000e-02   5.507033e-21 
6.000000e-02   4.408650e-21 
6.500000e-02   3.548256e-21 
7.000000e-02   2.874181e-21 
7.500000e-02   1.832636e-20 
8.000000e-02   1.840946e-20 
8.500000e-02   1.669877e-20 
9.000000e-02   1.501200e-20 
9.523900e-02   1.315115e-20 
1.006800e-01   1.099476e-20 
1.142900e-01   6.702523e-21 
1.197300e-01   5.487404e-21 
1.224500e-01   4.963558e-21 
1.251700e-01   4.488574e-21 
1.278900e-01   4.057916e-21 
1.306100e-01   3.667496e-21 
1.333300e-01   3.313636e-21 
1.360600e-01   2.991878e-21 
1.469400e-01   1.985300e-21 
1.496600e-01   1.790507e-21 
1.551000e-01   1.455150e-21 
1.578200e-01   1.311280e-21 
1.605500e-01   1.180866e-21 
1.659900e-01   1.370034e-21 
1.714300e-01   1.149640e-21 
1.768700e-01   1.100297e-21 
1.795900e-01   1.010805e-21 
1.823100e-01   9.242147e-22 
1.850400e-01   8.425304e-22 
1.877600e-01   7.672716e-22 
1.904800e-01   6.983302e-22 
1.959200e-01   5.781459e-22 
1.986400e-01   5.259158e-22 
2.040800e-01   4.350703e-22 
2.068000e-01   3.957048e-22 
2.095300e-01   3.597756e-22 
2.122500e-01   3.272175e-22 
2.149700e-01   2.975950e-22 
2.204100e-01   2.461022e-22 
2.258500e-01   2.034285e-22 
2.367400e-01   1.549826e-22 
2.476200e-01   1.048031e-22 
2.585100e-01   7.007643e-23 
2.721100e-01   4.183146e-23 
2.857200e-01   2.451100e-23 
2.993200e-01   1.401379e-23 
3.129300e-01   7.736257e-24 
3.401400e-01   1.986473e-24 
3.537400e-01   8.658364e-25 
3.809500e-01   7.347980e-26 
3.945600e-01   4.565360e-27 
4.081700e-01   0.000000e+00 
4.353800e-01   0.000000e+00 
4.625900e-01   0.000000e+00 
4.761900e-01   0.000000e+00 
4.898000e-01   0.000000e+00 
5.034000e-01   0.000000e+00 
5.170100e-01   0.000000e+00 
5.578300e-01   0.000000e+00 
5.714300e-01   0.000000e+00 
5.850400e-01   0.000000e+00 
6.122500e-01   0.000000e+00 
6.666700e-01   0.000000e+00 
6.802800e-01   0.000000e+00 
7.074900e-01   0.000000e+00 
7.347000e-01   0.000000e+00 
7.619100e-01   0.000000e+00 
7.891200e-01   0.000000e+00 
8.163300e-01   0.000000e+00 
8.435400e-01   0.000000e+00 
8.707500e-01   0.000000e+00 
9.115700e-01   0.000000e+00 
9.523900e-01   0.000000e+00 
9.932000e-01   0.000000e+00 
1.020400e+00   0.000000e+00 
1.061200e+00   0.000000e+00 
1.088400e+00   0.000000e+00 
1.102000e+00   0.000000e+00 
1.115700e+00   0.000000e+00 
1.129300e+00   0.000000e+00 
1.142900e+00   0.000000e+00 
1.156500e+00   0.000000e+00 
1.170100e+00   0.000000e+00 
1.197300e+00   0.000000e+00 
1.210900e+00   0.000000e+00 
1.224500e+00   0.000000e+00 
1.227200e+00   0.000000e+00 
1.229900e+00   0.000000e+00 
1.232700e+00   0.000000e+00 
1.235400e+00   0.000000e+00 
1.238100e+00   0.000000e+00 
1.240800e+00   0.000000e+00 
1.243500e+00   0.000000e+00 
1.246300e+00   0.000000e+00 
1.249000e+00   0.000000e+00 
1.257200e+00   0.000000e+00 
1.259900e+00   0.000000e+00 
1.262600e+00   0.000000e+00 
1.270800e+00   0.000000e+00 
1.281600e+00   0.000000e+00 
1.289800e+00   0.000000e+00 
1.292500e+00   0.000000e+00 
1.295200e+00   0.000000e+00 
1.298000e+00   0.000000e+00 
1.300700e+00   0.000000e+00 
1.303400e+00   0.000000e+00 
1.306100e+00   0.000000e+00 
1.314300e+00   0.000000e+00 
1.330600e+00   0.000000e+00 
1.341500e+00   0.000000e+00 
1.355100e+00   0.000000e+00 
1.360600e+00   0.000000e+00 
1.371400e+00   0.000000e+00 
1.382300e+00   0.000000e+00 
1.390500e+00   0.000000e+00 
1.395900e+00   0.000000e+00 
1.404100e+00   0.000000e+00 
1.406800e+00   0.000000e+00 
1.409500e+00   0.000000e+00 
1.415000e+00   0.000000e+00 
1.417700e+00   0.000000e+00 
1.420400e+00   0.000000e+00 
1.423100e+00   0.000000e+00 
1.425900e+00   0.000000e+00 
1.428600e+00   0.000000e+00 
1.431300e+00   0.000000e+00 
1.436700e+00   0.000000e+00 
1.439500e+00   0.000000e+00 
1.442200e+00   0.000000e+00 
1.444900e+00   0.000000e+00 
1.447600e+00   0.000000e+00 
1.450400e+00   0.000000e+00 
1.453100e+00   0.000000e+00 
1.455800e+00   0.000000e+00 
1.458500e+00   0.000000e+00 
1.461200e+00   0.000000e+00 
1.466700e+00   0.000000e+00 
1.469400e+00   0.000000e+00 
1.472100e+00   0.000000e+00 
1.477600e+00   0.000000e+00 
1.480300e+00   0.000000e+00 
1.488400e+00   0.000000e+00 
1.491200e+00   0.000000e+00 
1.496600e+00   0.000000e+00 
1.551000e+00   0.000000e+00 
1.632700e+00   0.000000e+00 
1.823100e+00   0.000000e+00 
2.340200e+00   0.000000e+00 
2.829900e+00   0.000000e+00 
3.047600e+00   0.000000e+00 
3.700700e+00   0.000000e+00 
