1.300000e-02   2.469214e-20 
1.320000e-02   2.428595e-20 
1.340000e-02   2.390538e-20 
1.430000e-02   3.367599e-20 
1.450000e-02   3.329020e-20 
1.500000e-02   3.239894e-20 
2.000000e-02   2.571375e-20 
2.500000e-02   2.040431e-20 
3.000000e-02   2.191895e-20 
3.500000e-02   1.884744e-20 
4.000000e-02   1.625052e-20 
4.500000e-02   1.395376e-20 
5.000000e-02   1.190540e-20 
5.500000e-02   1.012988e-20 
6.000000e-02   8.640741e-21 
6.500000e-02   7.420033e-21 
7.000000e-02   6.421939e-21 
7.500000e-02   4.162361e-20 
8.000000e-02   4.417328e-20 
8.500000e-02   4.241914e-20 
9.000000e-02   4.038028e-20 
9.523900e-02   3.760896e-20 
1.006800e-01   3.359890e-20 
1.142900e-01   2.436102e-20 
1.197300e-01   2.142508e-20 
1.224500e-01   2.009600e-20 
1.251700e-01   1.885083e-20 
1.278900e-01   1.768384e-20 
1.306100e-01   1.658991e-20 
1.333300e-01   1.556435e-20 
1.360600e-01   1.459943e-20 
1.469400e-01   1.131931e-20 
1.496600e-01   1.062374e-20 
1.551000e-01   9.361197e-21 
1.578200e-01   8.788998e-21 
1.605500e-01   8.251028e-21 
1.659900e-01   1.145315e-20 
1.714300e-01   1.049444e-20 
1.768700e-01   1.139007e-20 
1.795900e-01   1.094950e-20 
1.823100e-01   1.048228e-20 
1.850400e-01   1.001192e-20 
1.877600e-01   9.555421e-21 
1.904800e-01   9.118205e-21 
1.959200e-01   8.307819e-21 
1.986400e-01   7.932515e-21 
2.040800e-01   7.238170e-21 
2.068000e-01   6.917910e-21 
2.095300e-01   6.613294e-21 
2.122500e-01   6.325551e-21 
2.149700e-01   6.052564e-21 
2.204100e-01   5.547295e-21 
2.258500e-01   5.090973e-21 
2.367400e-01   5.154244e-21 
2.476200e-01   4.417338e-21 
2.585100e-01   3.793120e-21 
2.721100e-01   3.154915e-21 
2.857200e-01   2.642111e-21 
2.993200e-01   2.227126e-21 
3.129300e-01   1.888088e-21 
3.401400e-01   1.378433e-21 
3.537400e-01   1.185977e-21 
3.809500e-01   8.881993e-22 
3.945600e-01   7.725982e-22 
4.081700e-01   6.740918e-22 
4.353800e-01   5.173764e-22 
4.625900e-01   4.008227e-22 
4.761900e-01   3.538946e-22 
4.898000e-01   3.130081e-22 
5.034000e-01   2.773463e-22 
5.170100e-01   2.461210e-22 
5.578300e-01   1.735250e-22 
5.714300e-01   1.548628e-22 
5.850400e-01   1.383655e-22 
6.122500e-01   1.108491e-22 
6.666700e-01   7.205356e-23 
6.802800e-01   6.485303e-23 
7.074900e-01   5.371591e-23 
7.347000e-01   4.425884e-23 
7.619100e-01   3.605163e-23 
7.891200e-01   2.947985e-23 
8.163300e-01   2.419124e-23 
8.435400e-01   1.991640e-23 
8.707500e-01   1.644802e-23 
9.115700e-01   1.241087e-23 
9.523900e-01   9.421244e-24 
9.932000e-01   9.908317e-24 
1.020400e+00   8.180689e-24 
1.061200e+00   7.844711e-24 
1.088400e+00   6.506254e-24 
1.102000e+00   5.931525e-24 
1.115700e+00   5.407560e-24 
1.129300e+00   4.936412e-24 
1.142900e+00   4.509160e-24 
1.156500e+00   4.121397e-24 
1.170100e+00   3.769232e-24 
1.197300e+00   1.051591e-23 
1.210900e+00   9.696965e-24 
1.224500e+00   8.941630e-24 
1.227200e+00   8.799140e-24 
1.229900e+00   8.659043e-24 
1.232700e+00   8.516226e-24 
1.235400e+00   8.380872e-24 
1.238100e+00   8.247796e-24 
1.240800e+00   8.116939e-24 
1.243500e+00   7.988277e-24 
1.246300e+00   7.857099e-24 
1.249000e+00   7.732770e-24 
1.257200e+00   7.367765e-24 
1.259900e+00   7.251583e-24 
1.262600e+00   7.137349e-24 
1.270800e+00   6.801864e-24 
1.281600e+00   6.385130e-24 
1.289800e+00   6.086700e-24 
1.292500e+00   5.991672e-24 
1.295200e+00   5.898208e-24 
1.298000e+00   5.802895e-24 
1.300700e+00   5.712511e-24 
1.303400e+00   5.623613e-24 
1.306100e+00   5.536165e-24 
1.314300e+00   5.279225e-24 
1.330600e+00   4.804925e-24 
1.341500e+00   4.512846e-24 
1.355100e+00   4.174304e-24 
1.360600e+00   4.045052e-24 
1.371400e+00   3.803281e-24 
1.382300e+00   3.574568e-24 
1.390500e+00   3.412005e-24 
1.395900e+00   3.308302e-24 
1.404100e+00   3.158350e-24 
1.406800e+00   3.110542e-24 
1.409500e+00   3.063492e-24 
1.415000e+00   2.969932e-24 
1.417700e+00   2.925098e-24 
1.420400e+00   2.880972e-24 
1.423100e+00   2.837532e-24 
1.425900e+00   2.793212e-24 
1.428600e+00   2.751159e-24 
1.431300e+00   2.709757e-24 
1.436700e+00   2.628908e-24 
1.439500e+00   2.587977e-24 
1.442200e+00   2.549146e-24 
1.444900e+00   2.510908e-24 
1.447600e+00   2.473275e-24 
1.450400e+00   2.434867e-24 
1.453100e+00   2.398419e-24 
1.455800e+00   2.362541e-24 
1.458500e+00   2.327222e-24 
1.461200e+00   2.292448e-24 
1.466700e+00   2.223280e-24 
1.469400e+00   2.190124e-24 
1.472100e+00   2.157477e-24 
1.477600e+00   2.092541e-24 
1.480300e+00   2.061406e-24 
1.488400e+00   1.970861e-24 
1.491200e+00   1.940535e-24 
1.496600e+00   1.883404e-24 
1.551000e+00   1.396393e-24 
1.632700e+00   8.960184e-25 
1.823100e+00   3.247411e-25 
2.340200e+00   2.068237e-26 
2.829900e+00   9.764997e-28 
3.047600e+00   1.461380e-28 
3.700700e+00   0.000000e+00 
