1.300000e-02   2.494832e-20 
1.320000e-02   2.454132e-20 
1.340000e-02   2.416013e-20 
1.430000e-02   3.405709e-20 
1.450000e-02   3.367177e-20 
1.500000e-02   3.278227e-20 
2.000000e-02   2.612176e-20 
2.500000e-02   2.081642e-20 
3.000000e-02   2.246105e-20 
3.500000e-02   1.939581e-20 
4.000000e-02   1.679444e-20 
4.500000e-02   1.448205e-20 
5.000000e-02   1.240826e-20 
5.500000e-02   1.060184e-20 
6.000000e-02   9.081034e-21 
6.500000e-02   7.830966e-21 
7.000000e-02   6.806608e-21 
7.500000e-02   4.420013e-20 
8.000000e-02   4.711229e-20 
8.500000e-02   4.544878e-20 
9.000000e-02   4.347007e-20 
9.523900e-02   4.068836e-20 
1.006800e-01   3.653512e-20 
1.142900e-01   2.683381e-20 
1.197300e-01   2.372435e-20 
1.224500e-01   2.231172e-20 
1.251700e-01   2.098508e-20 
1.278900e-01   1.973872e-20 
1.306100e-01   1.856749e-20 
1.333300e-01   1.746671e-20 
1.360600e-01   1.642843e-20 
1.469400e-01   1.287719e-20 
1.496600e-01   1.211915e-20 
1.551000e-01   1.073803e-20 
1.578200e-01   1.010965e-20 
1.605500e-01   9.517347e-21 
1.659900e-01   1.325619e-20 
1.714300e-01   1.221213e-20 
1.768700e-01   1.331695e-20 
1.795900e-01   1.283647e-20 
1.823100e-01   1.232188e-20 
1.850400e-01   1.180074e-20 
1.877600e-01   1.129289e-20 
1.904800e-01   1.080509e-20 
1.959200e-01   9.897749e-21 
1.986400e-01   9.476010e-21 
2.040800e-01   8.693125e-21 
2.068000e-01   8.330882e-21 
2.095300e-01   7.985630e-21 
2.122500e-01   7.658839e-21 
2.149700e-01   7.348175e-21 
2.204100e-01   6.771418e-21 
2.258500e-01   6.248371e-21 
2.367400e-01   6.405397e-21 
2.476200e-01   5.551429e-21 
2.585100e-01   4.820726e-21 
2.721100e-01   4.066482e-21 
2.857200e-01   3.454162e-21 
2.993200e-01   2.953460e-21 
3.129300e-01   2.540108e-21 
3.401400e-01   1.909114e-21 
3.537400e-01   1.666843e-21 
3.809500e-01   1.285964e-21 
3.945600e-01   1.135530e-21 
4.081700e-01   1.005852e-21 
4.353800e-01   7.960185e-22 
4.625900e-01   6.361618e-22 
4.761900e-01   5.705788e-22 
4.898000e-01   5.127225e-22 
5.034000e-01   4.616139e-22 
5.170100e-01   4.162848e-22 
5.578300e-01   3.082085e-22 
5.714300e-01   2.796470e-22 
5.850400e-01   2.540543e-22 
6.122500e-01   2.104972e-22 
6.666700e-01   1.465393e-22 
6.802800e-01   1.342164e-22 
7.074900e-01   1.152459e-22 
7.347000e-01   9.844823e-23 
7.619100e-01   8.312596e-23 
7.891200e-01   7.049235e-23 
8.163300e-01   6.000646e-23 
8.435400e-01   5.128090e-23 
8.707500e-01   4.397966e-23 
9.115700e-01   3.514788e-23 
9.523900e-01   2.827901e-23 
9.932000e-01   3.162585e-23 
1.020400e+00   2.718021e-23 
1.061200e+00   2.771019e-23 
1.088400e+00   2.395123e-23 
1.102000e+00   2.229499e-23 
1.115700e+00   2.075889e-23 
1.129300e+00   1.935365e-23 
1.142900e+00   1.805702e-23 
1.156500e+00   1.685959e-23 
1.170100e+00   1.575291e-23 
1.197300e+00   4.573480e-23 
1.210900e+00   4.310276e-23 
1.224500e+00   4.062633e-23 
1.227200e+00   4.015389e-23 
1.229900e+00   3.968769e-23 
1.232700e+00   3.921071e-23 
1.235400e+00   3.875696e-23 
1.238100e+00   3.830919e-23 
1.240800e+00   3.786731e-23 
1.243500e+00   3.743125e-23 
1.246300e+00   3.698509e-23 
1.249000e+00   3.656060e-23 
1.257200e+00   3.530509e-23 
1.259900e+00   3.490255e-23 
1.262600e+00   3.450525e-23 
1.270800e+00   3.332988e-23 
1.281600e+00   3.185083e-23 
1.289800e+00   3.077775e-23 
1.292500e+00   3.043345e-23 
1.295200e+00   3.009356e-23 
1.298000e+00   2.974561e-23 
1.300700e+00   2.941446e-23 
1.303400e+00   2.908750e-23 
1.306100e+00   2.876464e-23 
1.314300e+00   2.780890e-23 
1.330600e+00   2.597394e-23 
1.341500e+00   2.484890e-23 
1.355100e+00   2.352225e-23 
1.360600e+00   2.300880e-23 
1.371400e+00   2.203733e-23 
1.382300e+00   2.110393e-23 
1.390500e+00   2.043149e-23 
1.395900e+00   2.000201e-23 
1.404100e+00   1.936939e-23 
1.406800e+00   1.916610e-23 
1.409500e+00   1.896525e-23 
1.415000e+00   1.856350e-23 
1.417700e+00   1.836984e-23 
1.420400e+00   1.817846e-23 
1.423100e+00   1.798938e-23 
1.425900e+00   1.779565e-23 
1.428600e+00   1.761110e-23 
1.431300e+00   1.742868e-23 
1.436700e+00   1.707037e-23 
1.439500e+00   1.688789e-23 
1.442200e+00   1.671404e-23 
1.444900e+00   1.654222e-23 
1.447600e+00   1.637242e-23 
1.450400e+00   1.619843e-23 
1.453100e+00   1.603262e-23 
1.455800e+00   1.586878e-23 
1.458500e+00   1.570685e-23 
1.461200e+00   1.554679e-23 
1.466700e+00   1.522648e-23 
1.469400e+00   1.507200e-23 
1.472100e+00   1.491932e-23 
1.477600e+00   1.457642e-23 
1.480300e+00   1.442928e-23 
1.488400e+00   1.399788e-23 
1.491200e+00   1.385221e-23 
1.496600e+00   1.357612e-23 
1.551000e+00   1.111883e-23 
1.632700e+00   8.322655e-24 
1.823100e+00   4.392652e-24 
2.340200e+00   9.633090e-25 
2.829900e+00   2.661974e-25 
3.047600e+00   1.601331e-25 
3.700700e+00   3.372345e-26 
