9.523900e-02   1.736394e-20 
9.796000e-02   1.526655e-20 
1.006800e-01   1.344876e-20 
1.034000e-01   1.186962e-20 
1.061200e-01   1.049516e-20 
1.088400e-01   9.296613e-21 
1.115700e-01   8.245934e-21 
1.142900e-01   7.329982e-21 
1.170100e-01   6.526925e-21 
1.197300e-01   5.821655e-21 
1.224500e-01   5.201216e-21 
1.251700e-01   4.654519e-21 
1.278900e-01   4.172029e-21 
1.306100e-01   3.745544e-21 
1.333300e-01   3.367985e-21 
1.360600e-01   3.032085e-21 
1.469400e-01   1.052167e-20 
1.496600e-01   9.933000e-21 
1.523800e-01   9.344137e-21 
1.551000e-01   8.778676e-21 
1.578200e-01   8.244675e-21 
1.605500e-01   7.742283e-21 
1.632700e-01   7.274606e-21 
1.659900e-01   6.838145e-21 
1.687100e-01   6.430947e-21 
1.714300e-01   6.050977e-21 
1.741500e-01   5.696260e-21 
1.768700e-01   5.364932e-21 
1.795900e-01   5.055258e-21 
1.823100e-01   4.765636e-21 
1.850400e-01   4.493634e-21 
1.877600e-01   4.239887e-21 
1.904800e-01   4.002128e-21 
1.933200e-01   3.769714e-21 
1.959200e-01   3.570122e-21 
1.986400e-01   3.373869e-21 
2.040800e-01   4.456462e-21 
2.068000e-01   4.261743e-21 
2.095300e-01   4.074741e-21 
2.122500e-01   3.897723e-21 
2.149700e-01   3.729893e-21 
2.176900e-01   3.570827e-21 
2.204100e-01   3.420028e-21 
2.231300e-01   3.276972e-21 
2.258500e-01   3.141180e-21 
2.285700e-01   3.012189e-21 
2.312900e-01   2.889572e-21 
2.340200e-01   2.772520e-21 
2.367400e-01   2.661530e-21 
2.394600e-01   2.555824e-21 
2.421800e-01   2.455095e-21 
2.449000e-01   2.359060e-21 
2.476200e-01   2.267451e-21 
2.503400e-01   2.180022e-21 
2.530600e-01   2.096543e-21 
2.557800e-01   2.016801e-21 
2.585100e-01   1.940320e-21 
2.612300e-01   1.867474e-21 
2.639500e-01   1.797806e-21 
2.666700e-01   1.731147e-21 
2.693900e-01   1.667348e-21 
2.721100e-01   1.606261e-21 
2.857200e-01   1.336900e-21 
2.993200e-01   1.118349e-21 
3.129300e-01   9.395855e-22 
3.265300e-01   7.927303e-22 
3.401400e-01   6.712904e-22 
3.537400e-01   5.705492e-22 
3.673500e-01   4.864992e-22 
3.809500e-01   4.162034e-22 
3.945600e-01   3.571118e-22 
4.081700e-01   3.073044e-22 
4.217700e-01   2.652158e-22 
4.353800e-01   2.294859e-22 
4.489800e-01   1.991094e-22 
4.625900e-01   1.731724e-22 
4.761900e-01   1.509974e-22 
4.898000e-01   1.319610e-22 
5.034000e-01   1.155999e-22 
5.170100e-01   1.014839e-22 
5.306100e-01   8.929284e-23 
5.578300e-01   6.954813e-23 
5.714300e-01   6.156910e-23 
5.850400e-01   5.460488e-23 
5.986400e-01   4.852429e-23 
6.122500e-01   4.319565e-23 
6.258500e-01   3.852360e-23 
6.394600e-01   3.441339e-23 
6.530600e-01   3.079581e-23 
6.666700e-01   2.760049e-23 
6.802800e-01   2.477686e-23 
6.938800e-01   2.227818e-23 
7.074900e-01   2.006025e-23 
7.210900e-01   1.809103e-23 
7.347000e-01   1.633716e-23 
7.483000e-01   1.477506e-23 
7.619100e-01   1.337948e-23 
7.755100e-01   1.213191e-23 
7.891200e-01   1.101474e-23 
8.027200e-01   1.001370e-23 
8.163300e-01   9.114193e-24 
8.299400e-01   8.305434e-24 
8.435400e-01   7.577781e-24 
8.571500e-01   6.921301e-24 
8.707500e-01   6.329138e-24 
8.843600e-01   5.793514e-24 
8.979600e-01   5.308512e-24 
9.115700e-01   4.869409e-24 
9.251700e-01   4.471412e-24 
9.387800e-01   4.109743e-24 
9.523900e-01   3.780971e-24 
9.659900e-01   3.481995e-24 
9.796000e-01   3.209414e-24 
9.932000e-01   2.961010e-24 
1.006800e+00   2.734241e-24 
1.020400e+00   2.527003e-24 
1.034000e+00   2.337442e-24 
1.047600e+00   2.163879e-24 
1.061200e+00   2.004817e-24 
1.074800e+00   1.858909e-24 
1.088400e+00   1.724950e-24 
1.102000e+00   1.601852e-24 
1.115700e+00   1.487840e-24 
1.129300e+00   1.383693e-24 
1.142900e+00   1.287747e-24 
1.156500e+00   1.199287e-24 
1.170100e+00   1.117662e-24 
1.183700e+00   1.042288e-24 
1.197300e+00   9.726302e-25 
1.210900e+00   9.082098e-25 
1.224500e+00   8.485882e-25 
1.227200e+00   8.372870e-25 
1.229900e+00   8.261562e-25 
1.232700e+00   8.147908e-25 
1.235400e+00   8.039988e-25 
1.238100e+00   7.933687e-25 
1.240800e+00   7.828970e-25 
1.243500e+00   7.725827e-25 
1.246300e+00   7.620470e-25 
1.249000e+00   7.520431e-25 
1.257200e+00   8.086280e-25 
1.259900e+00   7.984270e-25 
1.262600e+00   7.880634e-25 
1.265300e+00   7.776892e-25 
1.268000e+00   7.673828e-25 
1.270800e+00   7.568081e-25 
1.273500e+00   7.467407e-25 
1.276200e+00   7.368123e-25 
1.278900e+00   7.270249e-25 
1.281600e+00   7.173811e-25 
1.289800e+00   7.676726e-25 
1.292500e+00   7.580576e-25 
1.295200e+00   7.483215e-25 
1.298000e+00   7.382283e-25 
1.300700e+00   7.285668e-25 
1.303400e+00   7.190084e-25 
1.306100e+00   7.095704e-25 
1.308900e+00   6.999170e-25 
1.311600e+00   6.907423e-25 
1.314300e+00   6.817004e-25 
1.317000e+00   6.727901e-25 
1.319700e+00   6.640105e-25 
1.322500e+00   6.550427e-25 
1.352200e+00   5.679103e-25 
1.327900e+00   6.381323e-25 
1.330600e+00   6.298627e-25 
1.333300e+00   6.217145e-25 
1.336100e+00   6.133908e-25 
1.338800e+00   6.054831e-25 
1.341500e+00   5.976919e-25 
1.344200e+00   5.900133e-25 
1.346900e+00   5.824465e-25 
1.349700e+00   5.747153e-25 
1.352400e+00   5.673704e-25 
1.355100e+00   5.601309e-25 
1.357800e+00   5.529965e-25 
1.360600e+00   5.457057e-25 
1.363300e+00   5.387791e-25 
1.366000e+00   5.319512e-25 
1.368700e+00   5.252217e-25 
1.371400e+00   5.185876e-25 
1.374200e+00   5.118080e-25 
1.376900e+00   5.053661e-25 
1.379600e+00   4.990158e-25 
1.382300e+00   4.927550e-25 
1.385000e+00   4.865835e-25 
1.387800e+00   4.802761e-25 
1.390500e+00   4.742811e-25 
1.393200e+00   4.683710e-25 
1.395900e+00   4.625440e-25 
1.398700e+00   4.565878e-25 
1.401400e+00   4.509271e-25 
1.404100e+00   4.453453e-25 
1.406800e+00   4.398419e-25 
1.409500e+00   4.344158e-25 
1.412300e+00   4.288682e-25 
1.415000e+00   4.235950e-25 
1.417700e+00   4.183952e-25 
1.420400e+00   4.132677e-25 
1.423100e+00   4.082118e-25 
1.425900e+00   4.030422e-25 
1.428600e+00   3.981276e-25 
1.431300e+00   3.932808e-25 
1.434000e+00   3.885009e-25 
1.436700e+00   3.837868e-25 
1.439500e+00   3.784691e-25 
1.442200e+00   3.738880e-25 
1.444900e+00   3.693699e-25 
1.447600e+00   3.649134e-25 
1.450400e+00   3.603564e-25 
1.453100e+00   3.560231e-25 
1.455800e+00   2.047844e-24 
1.458500e+00   2.039836e-24 
1.461200e+00   2.025302e-24 
1.464000e+00   2.006459e-24 
1.466700e+00   1.986450e-24 
1.469400e+00   1.965575e-24 
1.472100e+00   1.944329e-24 
1.474800e+00   1.922990e-24 
1.477600e+00   1.900926e-24 
1.480300e+00   1.879802e-24 
1.483000e+00   1.858876e-24 
1.485700e+00   1.838174e-24 
1.488400e+00   1.817709e-24 
1.491200e+00   1.796746e-24 
1.493900e+00   1.776779e-24 
1.496600e+00   1.757057e-24 
1.523800e+00   1.571264e-24 
1.551000e+00   1.406629e-24 
1.578200e+00   1.260576e-24 
1.605500e+00   1.130539e-24 
1.632700e+00   1.015565e-24 
1.823100e+00   4.965839e-25 
2.040800e+00   2.329190e-25 
2.176900e+00   1.500402e-25 
2.340200e+00   9.084289e-26 
2.530600e+00   5.120631e-26 
2.829900e+00   2.177479e-26 
3.047600e+00   1.229016e-26 
3.401400e+00   4.807361e-27 
3.700700e+00   2.164298e-27 
4.000000e+00   9.649962e-28 
4.299300e+00   4.209999e-28 
4.680300e+00   1.460826e-28 
5.006800e+00   4.386768e-29 
