9.523900e-02   1.588668e-20 
9.796000e-02   1.392816e-20 
1.006800e-01   1.223493e-20 
1.034000e-01   1.076761e-20 
1.061200e-01   9.493630e-21 
1.088400e-01   8.385452e-21 
1.115700e-01   7.416399e-21 
1.142900e-01   6.573706e-21 
1.170100e-01   5.836714e-21 
1.197300e-01   5.191071e-21 
1.224500e-01   4.624499e-21 
1.251700e-01   4.126510e-21 
1.278900e-01   3.688102e-21 
1.306100e-01   3.301544e-21 
1.333300e-01   2.960186e-21 
1.360600e-01   2.657248e-21 
1.469400e-01   9.188119e-21 
1.496600e-01   8.649615e-21 
1.523800e-01   8.113945e-21 
1.551000e-01   7.601484e-21 
1.578200e-01   7.118980e-21 
1.605500e-01   6.666251e-21 
1.632700e-01   6.245859e-21 
1.659900e-01   5.854478e-21 
1.687100e-01   5.490201e-21 
1.714300e-01   5.151094e-21 
1.741500e-01   4.835272e-21 
1.768700e-01   4.540974e-21 
1.795900e-01   4.266564e-21 
1.823100e-01   4.010542e-21 
1.850400e-01   3.770673e-21 
1.877600e-01   3.547445e-21 
1.904800e-01   3.338794e-21 
1.933200e-01   3.135340e-21 
1.959200e-01   2.961052e-21 
1.986400e-01   2.790094e-21 
2.040800e-01   3.672266e-21 
2.068000e-01   3.501815e-21 
2.095300e-01   3.338582e-21 
2.122500e-01   3.184438e-21 
2.149700e-01   3.038612e-21 
2.176900e-01   2.900705e-21 
2.204100e-01   2.770236e-21 
2.231300e-01   2.646735e-21 
2.258500e-01   2.529749e-21 
2.285700e-01   2.418860e-21 
2.312900e-01   2.313680e-21 
2.340200e-01   2.213492e-21 
2.367400e-01   2.118700e-21 
2.394600e-01   2.028623e-21 
2.421800e-01   1.942980e-21 
2.449000e-01   1.861508e-21 
2.476200e-01   1.783967e-21 
2.503400e-01   1.710132e-21 
2.530600e-01   1.639796e-21 
2.557800e-01   1.572760e-21 
2.585100e-01   1.508619e-21 
2.612300e-01   1.447670e-21 
2.639500e-01   1.389514e-21 
2.666700e-01   1.334003e-21 
2.693900e-01   1.280998e-21 
2.721100e-01   1.230369e-21 
2.857200e-01   1.008684e-21 
2.993200e-01   8.310092e-22 
3.129300e-01   6.874883e-22 
3.265300e-01   5.710775e-22 
3.401400e-01   4.760501e-22 
3.537400e-01   3.982458e-22 
3.673500e-01   3.341873e-22 
3.809500e-01   2.813269e-22 
3.945600e-01   2.374882e-22 
4.081700e-01   2.010406e-22 
4.217700e-01   1.706630e-22 
4.353800e-01   1.452318e-22 
4.489800e-01   1.239117e-22 
4.625900e-01   1.059630e-22 
4.761900e-01   9.083478e-23 
4.898000e-01   7.803247e-23 
5.034000e-01   6.718767e-23 
5.170100e-01   5.796552e-23 
5.306100e-01   5.011678e-23 
5.578300e-01   3.767632e-23 
5.714300e-01   3.276280e-23 
5.850400e-01   2.853852e-23 
5.986400e-01   2.490508e-23 
6.122500e-01   2.176902e-23 
6.258500e-01   1.906116e-23 
6.394600e-01   1.671523e-23 
6.530600e-01   1.468220e-23 
6.666700e-01   1.291475e-23 
6.802800e-01   1.137674e-23 
6.938800e-01   1.003710e-23 
7.074900e-01   8.866595e-24 
7.210900e-01   7.843859e-24 
7.347000e-01   6.947527e-24 
7.483000e-01   6.161966e-24 
7.619100e-01   5.471463e-24 
7.755100e-01   4.864585e-24 
7.891200e-01   4.329679e-24 
8.027200e-01   3.858275e-24 
8.163300e-01   3.441673e-24 
8.299400e-01   3.073334e-24 
8.435400e-01   2.747494e-24 
8.571500e-01   2.458470e-24 
8.707500e-01   2.202192e-24 
8.843600e-01   1.974346e-24 
8.979600e-01   1.771856e-24 
9.115700e-01   1.591443e-24 
9.251700e-01   1.430763e-24 
9.387800e-01   1.287300e-24 
9.523900e-01   1.159186e-24 
9.659900e-01   1.044742e-24 
9.796000e-01   9.422615e-25 
9.932000e-01   8.505475e-25 
1.006800e+00   7.683269e-25 
1.020400e+00   6.945557e-25 
1.034000e+00   6.283075e-25 
1.047600e+00   5.687649e-25 
1.061200e+00   5.152066e-25 
1.074800e+00   4.669926e-25 
1.088400e+00   4.235543e-25 
1.102000e+00   3.843832e-25 
1.115700e+00   3.488016e-25 
1.129300e+00   3.169215e-25 
1.142900e+00   2.881158e-25 
1.156500e+00   2.620706e-25 
1.170100e+00   2.385060e-25 
1.183700e+00   2.171719e-25 
1.197300e+00   1.978440e-25 
1.210900e+00   1.803242e-25 
1.224500e+00   1.644330e-25 
1.227200e+00   1.614578e-25 
1.229900e+00   1.585390e-25 
1.232700e+00   1.555706e-25 
1.235400e+00   1.527639e-25 
1.238100e+00   1.500102e-25 
1.240800e+00   1.473092e-25 
1.243500e+00   1.446590e-25 
1.246300e+00   1.419637e-25 
1.249000e+00   1.394143e-25 
1.257200e+00   1.473671e-25 
1.259900e+00   1.447918e-25 
1.262600e+00   1.422092e-25 
1.265300e+00   1.396457e-25 
1.268000e+00   1.371157e-25 
1.270800e+00   1.345335e-25 
1.273500e+00   1.320875e-25 
1.276200e+00   1.296857e-25 
1.278900e+00   1.273288e-25 
1.281600e+00   1.250158e-25 
1.289800e+00   1.316016e-25 
1.292500e+00   1.293036e-25 
1.295200e+00   1.270043e-25 
1.298000e+00   1.246410e-25 
1.300700e+00   1.223933e-25 
1.303400e+00   1.201809e-25 
1.306100e+00   1.180071e-25 
1.308900e+00   1.157941e-25 
1.311600e+00   1.137004e-25 
1.314300e+00   1.116457e-25 
1.317000e+00   1.096294e-25 
1.319700e+00   1.076513e-25 
1.322500e+00   1.056395e-25 
1.352200e+00   8.657046e-26 
1.327900e+00   1.018696e-25 
1.330600e+00   1.000382e-25 
1.333300e+00   9.824103e-26 
1.336100e+00   9.641265e-26 
1.338800e+00   9.468397e-26 
1.341500e+00   9.298730e-26 
1.344200e+00   9.132259e-26 
1.346900e+00   8.968891e-26 
1.349700e+00   8.802702e-26 
1.352400e+00   8.645496e-26 
1.355100e+00   8.491224e-26 
1.357800e+00   8.339842e-26 
1.360600e+00   8.185813e-26 
1.363300e+00   8.040125e-26 
1.366000e+00   7.897103e-26 
1.368700e+00   7.756762e-26 
1.371400e+00   7.619034e-26 
1.374200e+00   7.478884e-26 
1.376900e+00   7.346278e-26 
1.379600e+00   7.216161e-26 
1.382300e+00   7.088418e-26 
1.385000e+00   6.963042e-26 
1.387800e+00   6.835469e-26 
1.390500e+00   6.714750e-26 
1.393200e+00   6.596274e-26 
1.395900e+00   6.479976e-26 
1.398700e+00   6.361608e-26 
1.401400e+00   6.249610e-26 
1.404100e+00   6.139660e-26 
1.406800e+00   6.031737e-26 
1.409500e+00   5.925781e-26 
1.412300e+00   5.817956e-26 
1.415000e+00   5.715922e-26 
1.417700e+00   5.615731e-26 
1.420400e+00   5.517386e-26 
1.423100e+00   5.420847e-26 
1.425900e+00   5.322547e-26 
1.428600e+00   5.229549e-26 
1.431300e+00   5.138236e-26 
1.434000e+00   5.048591e-26 
1.436700e+00   4.960533e-26 
1.439500e+00   4.870938e-26 
1.442200e+00   4.786130e-26 
1.444900e+00   4.702849e-26 
1.447600e+00   4.621090e-26 
1.450400e+00   4.537838e-26 
1.453100e+00   4.459054e-26 
1.455800e+00   2.559833e-25 
1.458500e+00   2.536041e-25 
1.461200e+00   2.504337e-25 
1.464000e+00   2.467071e-25 
1.466700e+00   2.429189e-25 
1.469400e+00   2.390576e-25 
1.472100e+00   2.351838e-25 
1.474800e+00   2.313322e-25 
1.477600e+00   2.273809e-25 
1.480300e+00   2.236226e-25 
1.483000e+00   2.199200e-25 
1.485700e+00   2.162760e-25 
1.488400e+00   2.126917e-25 
1.491200e+00   2.090378e-25 
1.493900e+00   2.055737e-25 
1.496600e+00   2.021691e-25 
1.523800e+00   1.709006e-25 
1.551000e+00   1.445040e-25 
1.578200e+00   1.222109e-25 
1.605500e+00   1.033216e-25 
1.632700e+00   8.743295e-26 
1.823100e+00   2.734905e-26 
2.040800e+00   7.181883e-27 
2.176900e+00   3.027106e-27 
2.340200e+00   1.011791e-27 
2.530600e+00   2.402946e-28 
2.829900e+00   8.927317e-30 
3.047600e+00   0.000000e+00 
3.401400e+00   0.000000e+00 
3.700700e+00   0.000000e+00 
4.000000e+00   0.000000e+00 
4.299300e+00   0.000000e+00 
4.680300e+00   0.000000e+00 
5.006800e+00   0.000000e+00 
