9.523900e-02   1.609349e-20 
9.796000e-02   1.411532e-20 
1.006800e-01   1.240442e-20 
1.034000e-01   1.092128e-20 
1.061200e-01   9.633116e-21 
1.088400e-01   8.512195e-21 
1.115700e-01   7.531655e-21 
1.142900e-01   6.678659e-21 
1.170100e-01   5.932399e-21 
1.197300e-01   5.278393e-21 
1.224500e-01   4.704283e-21 
1.251700e-01   4.199480e-21 
1.278900e-01   3.754916e-21 
1.306100e-01   3.362791e-21 
1.333300e-01   3.016386e-21 
1.360600e-01   2.708860e-21 
1.469400e-01   9.373040e-21 
1.496600e-01   8.827390e-21 
1.523800e-01   8.284172e-21 
1.551000e-01   7.764211e-21 
1.578200e-01   7.274432e-21 
1.605500e-01   6.814700e-21 
1.632700e-01   6.387642e-21 
1.659900e-01   5.989912e-21 
1.687100e-01   5.619599e-21 
1.714300e-01   5.274743e-21 
1.741500e-01   4.953454e-21 
1.768700e-01   4.653960e-21 
1.795900e-01   4.374606e-21 
1.823100e-01   4.113872e-21 
1.850400e-01   3.869504e-21 
1.877600e-01   3.642006e-21 
1.904800e-01   3.429284e-21 
1.933200e-01   3.221786e-21 
1.959200e-01   3.043964e-21 
1.986400e-01   2.869476e-21 
2.040800e-01   3.779908e-21 
2.068000e-01   3.606037e-21 
2.095300e-01   3.439455e-21 
2.122500e-01   3.282086e-21 
2.149700e-01   3.133163e-21 
2.176900e-01   2.992277e-21 
2.204100e-01   2.858945e-21 
2.231300e-01   2.732694e-21 
2.258500e-01   2.613063e-21 
2.285700e-01   2.499627e-21 
2.312900e-01   2.391997e-21 
2.340200e-01   2.289441e-21 
2.367400e-01   2.192373e-21 
2.394600e-01   2.100105e-21 
2.421800e-01   2.012343e-21 
2.449000e-01   1.928832e-21 
2.476200e-01   1.849320e-21 
2.503400e-01   1.773583e-21 
2.530600e-01   1.701410e-21 
2.557800e-01   1.632600e-21 
2.585100e-01   1.566734e-21 
2.612300e-01   1.504125e-21 
2.639500e-01   1.444363e-21 
2.666700e-01   1.387299e-21 
2.693900e-01   1.332790e-21 
2.721100e-01   1.280706e-21 
2.857200e-01   1.052397e-21 
2.993200e-01   8.690699e-22 
3.129300e-01   7.206926e-22 
3.265300e-01   6.001055e-22 
3.401400e-01   5.014711e-22 
3.537400e-01   4.205476e-22 
3.673500e-01   3.537852e-22 
3.809500e-01   2.985769e-22 
3.945600e-01   2.526940e-22 
4.081700e-01   2.144646e-22 
4.217700e-01   1.825330e-22 
4.353800e-01   1.557421e-22 
4.489800e-01   1.332325e-22 
4.625900e-01   1.142398e-22 
4.761900e-01   9.819549e-23 
4.898000e-01   8.458681e-23 
5.034000e-01   7.303227e-23 
5.170100e-01   6.318397e-23 
5.306100e-01   5.478239e-23 
5.578300e-01   4.141954e-23 
5.714300e-01   3.612204e-23 
5.850400e-01   3.155674e-23 
5.986400e-01   2.762025e-23 
6.122500e-01   2.421416e-23 
6.258500e-01   2.126582e-23 
6.394600e-01   1.870508e-23 
6.530600e-01   1.648031e-23 
6.666700e-01   1.454115e-23 
6.802800e-01   1.284933e-23 
6.938800e-01   1.137185e-23 
7.074900e-01   1.007758e-23 
7.210900e-01   8.943658e-24 
7.347000e-01   7.947206e-24 
7.483000e-01   7.071516e-24 
7.619100e-01   6.299726e-24 
7.755100e-01   5.619526e-24 
7.891200e-01   5.018322e-24 
8.027200e-01   4.486986e-24 
8.163300e-01   4.016118e-24 
8.299400e-01   3.598606e-24 
8.435400e-01   3.228196e-24 
8.571500e-01   2.898693e-24 
8.707500e-01   2.605657e-24 
8.843600e-01   2.344364e-24 
8.979600e-01   2.111462e-24 
9.115700e-01   1.903321e-24 
9.251700e-01   1.717383e-24 
9.387800e-01   1.550866e-24 
9.523900e-01   1.401701e-24 
9.659900e-01   1.268008e-24 
9.796000e-01   1.147945e-24 
9.932000e-01   1.040151e-24 
1.006800e+00   9.432101e-25 
1.020400e+00   8.559494e-25 
1.034000e+00   7.773318e-25 
1.047600e+00   7.064397e-25 
1.061200e+00   6.424617e-25 
1.074800e+00   5.846751e-25 
1.088400e+00   5.324377e-25 
1.102000e+00   4.851815e-25 
1.115700e+00   4.420978e-25 
1.129300e+00   4.033613e-25 
1.142900e+00   3.682397e-25 
1.156500e+00   3.363714e-25 
1.170100e+00   3.074356e-25 
1.183700e+00   2.811447e-25 
1.197300e+00   2.572401e-25 
1.210900e+00   2.354920e-25 
1.224500e+00   2.156931e-25 
1.227200e+00   2.119776e-25 
1.229900e+00   2.083303e-25 
1.232700e+00   2.046185e-25 
1.235400e+00   2.011058e-25 
1.238100e+00   1.976570e-25 
1.240800e+00   1.942713e-25 
1.243500e+00   1.909475e-25 
1.246300e+00   1.875638e-25 
1.249000e+00   1.843616e-25 
1.257200e+00   1.954332e-25 
1.259900e+00   1.921923e-25 
1.262600e+00   1.889355e-25 
1.265300e+00   1.856982e-25 
1.268000e+00   1.824998e-25 
1.270800e+00   1.792329e-25 
1.273500e+00   1.761354e-25 
1.276200e+00   1.730915e-25 
1.278900e+00   1.701017e-25 
1.281600e+00   1.671660e-25 
1.289800e+00   1.764903e-25 
1.292500e+00   1.735701e-25 
1.295200e+00   1.706427e-25 
1.298000e+00   1.676290e-25 
1.300700e+00   1.647600e-25 
1.303400e+00   1.619334e-25 
1.306100e+00   1.591538e-25 
1.308900e+00   1.563217e-25 
1.311600e+00   1.536397e-25 
1.314300e+00   1.510058e-25 
1.317000e+00   1.484195e-25 
1.319700e+00   1.458794e-25 
1.322500e+00   1.432941e-25 
1.352200e+00   1.186769e-25 
1.327900e+00   1.384444e-25 
1.330600e+00   1.360848e-25 
1.333300e+00   1.337681e-25 
1.336100e+00   1.314099e-25 
1.338800e+00   1.291771e-25 
1.341500e+00   1.269848e-25 
1.344200e+00   1.248320e-25 
1.346900e+00   1.227177e-25 
1.349700e+00   1.205650e-25 
1.352400e+00   1.185270e-25 
1.355100e+00   1.165256e-25 
1.357800e+00   1.145597e-25 
1.360600e+00   1.125580e-25 
1.363300e+00   1.106629e-25 
1.366000e+00   1.088016e-25 
1.368700e+00   1.069731e-25 
1.371400e+00   1.051774e-25 
1.374200e+00   1.033485e-25 
1.376900e+00   1.016169e-25 
1.379600e+00   9.991595e-26 
1.382300e+00   9.824481e-26 
1.385000e+00   9.660327e-26 
1.387800e+00   9.493158e-26 
1.390500e+00   9.334849e-26 
1.393200e+00   9.179322e-26 
1.395900e+00   9.026526e-26 
1.398700e+00   8.870944e-26 
1.401400e+00   8.723573e-26 
1.404100e+00   8.578782e-26 
1.406800e+00   8.436520e-26 
1.409500e+00   8.296748e-26 
1.412300e+00   8.154396e-26 
1.415000e+00   8.019545e-26 
1.417700e+00   7.887057e-26 
1.420400e+00   7.756863e-26 
1.423100e+00   7.628958e-26 
1.425900e+00   7.498651e-26 
1.428600e+00   7.375215e-26 
1.431300e+00   7.253909e-26 
1.434000e+00   7.134732e-26 
1.436700e+00   7.017588e-26 
1.439500e+00   6.898289e-26 
1.442200e+00   6.785237e-26 
1.444900e+00   6.674156e-26 
1.447600e+00   6.564973e-26 
1.450400e+00   6.453762e-26 
1.453100e+00   6.348391e-26 
1.455800e+00   3.646861e-25 
1.458500e+00   3.616778e-25 
1.461200e+00   3.575324e-25 
1.464000e+00   3.525994e-25 
1.466700e+00   3.475540e-25 
1.469400e+00   3.423928e-25 
1.472100e+00   3.372047e-25 
1.474800e+00   3.320360e-25 
1.477600e+00   3.267265e-25 
1.480300e+00   3.216711e-25 
1.483000e+00   3.166864e-25 
1.485700e+00   3.117751e-25 
1.488400e+00   3.069384e-25 
1.491200e+00   3.020038e-25 
1.493900e+00   2.973231e-25 
1.496600e+00   2.927166e-25 
1.523800e+00   2.501370e-25 
1.551000e+00   2.139190e-25 
1.578200e+00   1.830327e-25 
1.605500e+00   1.566051e-25 
1.632700e+00   1.341538e-25 
1.823100e+00   4.619698e-26 
2.040800e+00   1.393815e-26 
2.176900e+00   6.586793e-27 
2.340200e+00   2.636372e-27 
2.530600e+00   8.583908e-28 
2.829900e+00   1.158657e-28 
3.047600e+00   1.653604e-29 
3.401400e+00   0.000000e+00 
3.700700e+00   0.000000e+00 
4.000000e+00   0.000000e+00 
4.299300e+00   0.000000e+00 
4.680300e+00   0.000000e+00 
5.006800e+00   0.000000e+00 
