9.523900e-02   1.672160e-20 
9.796000e-02   1.468425e-20 
1.006800e-01   1.292034e-20 
1.034000e-01   1.138960e-20 
1.061200e-01   1.005864e-20 
1.088400e-01   8.899241e-21 
1.115700e-01   7.883946e-21 
1.142900e-01   6.999763e-21 
1.170100e-01   6.225380e-21 
1.197300e-01   5.545999e-21 
1.224500e-01   4.948963e-21 
1.251700e-01   4.423437e-21 
1.278900e-01   3.960122e-21 
1.306100e-01   3.551014e-21 
1.333300e-01   3.189217e-21 
1.360600e-01   2.867680e-21 
1.469400e-01   9.939044e-21 
1.496600e-01   9.371887e-21 
1.523800e-01   8.805910e-21 
1.551000e-01   8.263291e-21 
1.578200e-01   7.751510e-21 
1.605500e-01   7.270565e-21 
1.632700e-01   6.823323e-21 
1.659900e-01   6.406353e-21 
1.687100e-01   6.017727e-21 
1.714300e-01   5.655448e-21 
1.741500e-01   5.317579e-21 
1.768700e-01   5.002300e-21 
1.795900e-01   4.707917e-21 
1.823100e-01   4.432875e-21 
1.850400e-01   4.174820e-21 
1.877600e-01   3.934332e-21 
1.904800e-01   3.709222e-21 
1.933200e-01   3.489400e-21 
1.959200e-01   3.300819e-21 
1.986400e-01   3.115576e-21 
2.040800e-01   4.111754e-21 
2.068000e-01   3.927515e-21 
2.095300e-01   3.750782e-21 
2.122500e-01   3.583653e-21 
2.149700e-01   3.425336e-21 
2.176900e-01   3.275422e-21 
2.204100e-01   3.133420e-21 
2.231300e-01   2.998827e-21 
2.258500e-01   2.871177e-21 
2.285700e-01   2.750021e-21 
2.312900e-01   2.634960e-21 
2.340200e-01   2.525216e-21 
2.367400e-01   2.421248e-21 
2.394600e-01   2.322320e-21 
2.421800e-01   2.228136e-21 
2.449000e-01   2.138419e-21 
2.476200e-01   2.052918e-21 
2.503400e-01   1.971394e-21 
2.530600e-01   1.893625e-21 
2.557800e-01   1.819405e-21 
2.585100e-01   1.748290e-21 
2.612300e-01   1.680620e-21 
2.639500e-01   1.615961e-21 
2.666700e-01   1.554153e-21 
2.693900e-01   1.495055e-21 
2.721100e-01   1.438526e-21 
2.857200e-01   1.189968e-21 
2.993200e-01   9.892957e-22 
3.129300e-01   8.259817e-22 
3.265300e-01   6.925116e-22 
3.401400e-01   5.827143e-22 
3.537400e-01   4.921109e-22 
3.673500e-01   4.169232e-22 
3.809500e-01   3.543790e-22 
3.945600e-01   3.020875e-22 
4.081700e-01   2.582533e-22 
4.217700e-01   2.214169e-22 
4.353800e-01   1.903192e-22 
4.489800e-01   1.640284e-22 
4.625900e-01   1.417059e-22 
4.761900e-01   1.227289e-22 
4.898000e-01   1.065300e-22 
5.034000e-01   9.268806e-23 
5.170100e-01   8.081327e-23 
5.306100e-01   7.061694e-23 
5.578300e-01   5.424237e-23 
5.714300e-01   4.768448e-23 
5.850400e-01   4.199488e-23 
5.986400e-01   3.705560e-23 
6.122500e-01   3.275280e-23 
6.258500e-01   2.900253e-23 
6.394600e-01   2.572289e-23 
6.530600e-01   2.285363e-23 
6.666700e-01   2.033511e-23 
6.802800e-01   1.812230e-23 
6.938800e-01   1.617613e-23 
7.074900e-01   1.445905e-23 
7.210900e-01   1.294382e-23 
7.347000e-01   1.160258e-23 
7.483000e-01   1.041532e-23 
7.619100e-01   9.361189e-24 
7.755100e-01   8.425247e-24 
7.891200e-01   7.591789e-24 
8.027200e-01   6.849695e-24 
8.163300e-01   6.187049e-24 
8.299400e-01   5.594990e-24 
8.435400e-01   5.065699e-24 
8.571500e-01   4.591204e-24 
8.707500e-01   4.165932e-24 
8.843600e-01   3.783760e-24 
8.979600e-01   3.440406e-24 
9.115700e-01   3.131115e-24 
9.251700e-01   2.852608e-24 
9.387800e-01   2.601171e-24 
9.523900e-01   2.374095e-24 
9.659900e-01   2.168955e-24 
9.796000e-01   1.983163e-24 
9.932000e-01   1.814974e-24 
1.006800e+00   1.662451e-24 
1.020400e+00   1.523999e-24 
1.034000e+00   1.398205e-24 
1.047600e+00   1.283802e-24 
1.061200e+00   1.179668e-24 
1.074800e+00   1.084620e-24 
1.088400e+00   9.981154e-25 
1.102000e+00   9.191699e-25 
1.115700e+00   8.465570e-25 
1.129300e+00   7.806876e-25 
1.142900e+00   7.204259e-25 
1.156500e+00   6.652536e-25 
1.170100e+00   6.147014e-25 
1.183700e+00   5.683474e-25 
1.197300e+00   5.258137e-25 
1.210900e+00   4.867564e-25 
1.224500e+00   4.508663e-25 
1.227200e+00   4.440928e-25 
1.229900e+00   4.374311e-25 
1.232700e+00   4.306388e-25 
1.235400e+00   4.241982e-25 
1.238100e+00   4.178636e-25 
1.240800e+00   4.116327e-25 
1.243500e+00   4.055036e-25 
1.246300e+00   3.992535e-25 
1.249000e+00   3.933264e-25 
1.257200e+00   4.200403e-25 
1.259900e+00   4.140157e-25 
1.262600e+00   4.079282e-25 
1.265300e+00   4.018551e-25 
1.268000e+00   3.958365e-25 
1.270800e+00   3.896743e-25 
1.273500e+00   3.838184e-25 
1.276200e+00   3.780520e-25 
1.278900e+00   3.723768e-25 
1.281600e+00   3.667932e-25 
1.289800e+00   3.901465e-25 
1.292500e+00   3.845815e-25 
1.295200e+00   3.789732e-25 
1.298000e+00   3.731783e-25 
1.300700e+00   3.676446e-25 
1.303400e+00   3.621812e-25 
1.306100e+00   3.567956e-25 
1.308900e+00   3.512961e-25 
1.311600e+00   3.460779e-25 
1.314300e+00   3.409429e-25 
1.317000e+00   3.358898e-25 
1.319700e+00   3.309186e-25 
1.322500e+00   3.258481e-25 
1.352200e+00   2.770076e-25 
1.327900e+00   3.163082e-25 
1.330600e+00   3.116533e-25 
1.333300e+00   3.070737e-25 
1.336100e+00   3.024019e-25 
1.338800e+00   2.979709e-25 
1.341500e+00   2.936114e-25 
1.344200e+00   2.893209e-25 
1.346900e+00   2.850993e-25 
1.349700e+00   2.807932e-25 
1.352400e+00   2.767074e-25 
1.355100e+00   2.726864e-25 
1.357800e+00   2.687298e-25 
1.360600e+00   2.646927e-25 
1.363300e+00   2.608630e-25 
1.366000e+00   2.570934e-25 
1.368700e+00   2.533834e-25 
1.371400e+00   2.497318e-25 
1.374200e+00   2.460062e-25 
1.376900e+00   2.424706e-25 
1.379600e+00   2.389909e-25 
1.382300e+00   2.355658e-25 
1.385000e+00   2.321941e-25 
1.387800e+00   2.287534e-25 
1.390500e+00   2.254881e-25 
1.393200e+00   2.222740e-25 
1.395900e+00   2.191098e-25 
1.398700e+00   2.158804e-25 
1.401400e+00   2.128160e-25 
1.404100e+00   2.097987e-25 
1.406800e+00   2.068284e-25 
1.409500e+00   2.039040e-25 
1.412300e+00   2.009191e-25 
1.415000e+00   1.980858e-25 
1.417700e+00   1.952962e-25 
1.420400e+00   1.925498e-25 
1.423100e+00   1.898453e-25 
1.425900e+00   1.870846e-25 
1.428600e+00   1.844641e-25 
1.431300e+00   1.818837e-25 
1.434000e+00   1.793427e-25 
1.436700e+00   1.768407e-25 
1.439500e+00   1.742861e-25 
1.442200e+00   1.718607e-25 
1.444900e+00   1.694726e-25 
1.447600e+00   1.671206e-25 
1.450400e+00   1.647193e-25 
1.453100e+00   1.624392e-25 
1.455800e+00   9.345597e-25 
1.458500e+00   9.291946e-25 
1.461200e+00   9.208756e-25 
1.464000e+00   9.105618e-25 
1.466700e+00   8.998152e-25 
1.469400e+00   8.887119e-25 
1.472100e+00   8.774780e-25 
1.474800e+00   8.662389e-25 
1.477600e+00   8.546505e-25 
1.480300e+00   8.435848e-25 
1.483000e+00   8.326424e-25 
1.485700e+00   8.218377e-25 
1.488400e+00   8.111752e-25 
1.491200e+00   8.002681e-25 
1.493900e+00   7.898985e-25 
1.496600e+00   7.796728e-25 
1.523800e+00   6.841737e-25 
1.551000e+00   6.009264e-25 
1.578200e+00   5.282856e-25 
1.605500e+00   4.646710e-25 
1.632700e+00   4.087436e-25 
1.823100e+00   1.734460e-25 
2.040800e+00   6.897599e-26 
2.176900e+00   3.948101e-26 
2.340200e+00   2.073577e-26 
2.530600e+00   9.989892e-27 
2.829900e+00   3.196190e-27 
3.047600e+00   1.375027e-27 
3.401400e+00   3.379219e-28 
3.700700e+00   1.009713e-28 
4.000000e+00   2.337571e-29 
4.299300e+00   3.555109e-30 
4.680300e+00   7.113599e-33 
5.006800e+00   0.000000e+00 
