9.523900e-02   1.704100e-20 
9.796000e-02   1.497373e-20 
1.006800e-01   1.318298e-20 
1.034000e-01   1.162812e-20 
1.061200e-01   1.027550e-20 
1.088400e-01   9.096611e-21 
1.115700e-01   8.063704e-21 
1.142900e-01   7.163707e-21 
1.170100e-01   6.375060e-21 
1.197300e-01   5.682794e-21 
1.224500e-01   5.074120e-21 
1.251700e-01   4.538066e-21 
1.278900e-01   4.065218e-21 
1.306100e-01   3.647473e-21 
1.333300e-01   3.277843e-21 
1.360600e-01   2.949170e-21 
1.469400e-01   1.022839e-20 
1.496600e-01   9.650475e-21 
1.523800e-01   9.073062e-21 
1.551000e-01   8.519046e-21 
1.578200e-01   7.996180e-21 
1.605500e-01   7.504538e-21 
1.632700e-01   7.047106e-21 
1.659900e-01   6.620419e-21 
1.687100e-01   6.222534e-21 
1.714300e-01   5.851440e-21 
1.741500e-01   5.505175e-21 
1.768700e-01   5.181903e-21 
1.795900e-01   4.879904e-21 
1.823100e-01   4.597602e-21 
1.850400e-01   4.332603e-21 
1.877600e-01   4.085516e-21 
1.904800e-01   3.854112e-21 
1.933200e-01   3.628023e-21 
1.959200e-01   3.433967e-21 
1.986400e-01   3.243248e-21 
2.040800e-01   4.282604e-21 
2.068000e-01   4.093138e-21 
2.095300e-01   3.911284e-21 
2.122500e-01   3.739222e-21 
2.149700e-01   3.576164e-21 
2.176900e-01   3.421684e-21 
2.204100e-01   3.275293e-21 
2.231300e-01   3.136480e-21 
2.258500e-01   3.004768e-21 
2.285700e-01   2.879707e-21 
2.312900e-01   2.760879e-21 
2.340200e-01   2.647492e-21 
2.367400e-01   2.540026e-21 
2.394600e-01   2.437719e-21 
2.421800e-01   2.340273e-21 
2.449000e-01   2.247411e-21 
2.476200e-01   2.158866e-21 
2.503400e-01   2.074401e-21 
2.530600e-01   1.993789e-21 
2.557800e-01   1.916820e-21 
2.585100e-01   1.843034e-21 
2.612300e-01   1.772787e-21 
2.639500e-01   1.705635e-21 
2.666700e-01   1.641416e-21 
2.693900e-01   1.579978e-21 
2.721100e-01   1.521182e-21 
2.857200e-01   1.262282e-21 
2.993200e-01   1.052731e-21 
3.129300e-01   8.817535e-22 
3.265300e-01   7.416490e-22 
3.401400e-01   6.260875e-22 
3.537400e-01   5.304710e-22 
3.673500e-01   4.509049e-22 
3.809500e-01   3.845346e-22 
3.945600e-01   3.288916e-22 
4.081700e-01   2.821174e-22 
4.217700e-01   2.426979e-22 
4.353800e-01   2.093250e-22 
4.489800e-01   1.810292e-22 
4.625900e-01   1.569347e-22 
4.761900e-01   1.363919e-22 
4.898000e-01   1.188050e-22 
5.034000e-01   1.037321e-22 
5.170100e-01   9.076344e-23 
5.306100e-01   7.959446e-23 
5.578300e-01   6.157923e-23 
5.714300e-01   5.433052e-23 
5.850400e-01   4.802255e-23 
5.986400e-01   4.252985e-23 
6.122500e-01   3.773011e-23 
6.258500e-01   3.353392e-23 
6.394600e-01   2.985277e-23 
6.530600e-01   2.662230e-23 
6.666700e-01   2.377787e-23 
6.802800e-01   2.127084e-23 
6.938800e-01   1.905887e-23 
7.074900e-01   1.710110e-23 
7.210900e-01   1.536799e-23 
7.347000e-01   1.382898e-23 
7.483000e-01   1.246219e-23 
7.619100e-01   1.124477e-23 
7.755100e-01   1.016033e-23 
7.891200e-01   9.191501e-24 
8.027200e-01   8.325989e-24 
8.163300e-01   7.550603e-24 
8.299400e-01   6.855094e-24 
8.435400e-01   6.231626e-24 
8.571500e-01   5.670847e-24 
8.707500e-01   5.166556e-24 
8.843600e-01   4.711823e-24 
8.979600e-01   4.301898e-24 
9.115700e-01   3.931379e-24 
9.251700e-01   3.596586e-24 
9.387800e-01   3.293297e-24 
9.523900e-01   3.018444e-24 
9.659900e-01   2.769277e-24 
9.796000e-01   2.542824e-24 
9.932000e-01   2.337099e-24 
1.006800e+00   2.149877e-24 
1.020400e+00   1.979326e-24 
1.034000e+00   1.823812e-24 
1.047600e+00   1.681876e-24 
1.061200e+00   1.552213e-24 
1.074800e+00   1.433654e-24 
1.088400e+00   1.325153e-24 
1.102000e+00   1.225771e-24 
1.115700e+00   1.134022e-24 
1.129300e+00   1.050485e-24 
1.142900e+00   9.737755e-25 
1.156500e+00   9.032822e-25 
1.170100e+00   8.384501e-25 
1.183700e+00   7.787781e-25 
1.197300e+00   7.238158e-25 
1.210900e+00   6.731525e-25 
1.224500e+00   6.264193e-25 
1.227200e+00   6.175792e-25 
1.229900e+00   6.088781e-25 
1.232700e+00   5.999993e-25 
1.235400e+00   5.915739e-25 
1.238100e+00   5.832806e-25 
1.240800e+00   5.751171e-25 
1.243500e+00   5.670806e-25 
1.246300e+00   5.588793e-25 
1.249000e+00   5.510958e-25 
1.257200e+00   5.905296e-25 
1.259900e+00   5.826043e-25 
1.262600e+00   5.745746e-25 
1.265300e+00   5.665503e-25 
1.268000e+00   5.585877e-25 
1.270800e+00   5.504265e-25 
1.273500e+00   5.426634e-25 
1.276200e+00   5.350124e-25 
1.278900e+00   5.274759e-25 
1.281600e+00   5.200550e-25 
1.289800e+00   5.549179e-25 
1.292500e+00   5.475201e-25 
1.295200e+00   5.400453e-25 
1.298000e+00   5.323097e-25 
1.300700e+00   5.249134e-25 
1.303400e+00   5.176027e-25 
1.306100e+00   5.103894e-25 
1.308900e+00   5.030183e-25 
1.311600e+00   4.960173e-25 
1.314300e+00   4.891226e-25 
1.317000e+00   4.823328e-25 
1.319700e+00   4.756478e-25 
1.322500e+00   4.688231e-25 
1.352200e+00   4.027831e-25 
1.327900e+00   4.559681e-25 
1.330600e+00   4.496879e-25 
1.333300e+00   4.435045e-25 
1.336100e+00   4.371918e-25 
1.338800e+00   4.311997e-25 
1.341500e+00   4.252990e-25 
1.344200e+00   4.194877e-25 
1.346900e+00   4.137651e-25 
1.349700e+00   4.079219e-25 
1.352400e+00   4.023748e-25 
1.355100e+00   3.969111e-25 
1.357800e+00   3.915304e-25 
1.360600e+00   3.860356e-25 
1.363300e+00   3.808185e-25 
1.366000e+00   3.756796e-25 
1.368700e+00   3.706176e-25 
1.371400e+00   3.656317e-25 
1.374200e+00   3.605397e-25 
1.376900e+00   3.557048e-25 
1.379600e+00   3.506497e-25 
1.382300e+00   3.459586e-25 
1.385000e+00   3.413379e-25 
1.387800e+00   3.366181e-25 
1.390500e+00   3.321358e-25 
1.393200e+00   3.277198e-25 
1.395900e+00   3.233689e-25 
1.398700e+00   3.189246e-25 
1.401400e+00   3.147035e-25 
1.404100e+00   3.105444e-25 
1.406800e+00   3.064467e-25 
1.409500e+00   3.024092e-25 
1.412300e+00   2.982843e-25 
1.415000e+00   2.943662e-25 
1.417700e+00   2.905056e-25 
1.420400e+00   2.867009e-25 
1.423100e+00   2.829521e-25 
1.425900e+00   2.791213e-25 
1.428600e+00   2.754827e-25 
1.431300e+00   2.718964e-25 
1.434000e+00   2.683622e-25 
1.436700e+00   2.648794e-25 
1.439500e+00   2.613203e-25 
1.442200e+00   2.579389e-25 
1.444900e+00   2.546061e-25 
1.447600e+00   2.513214e-25 
1.450400e+00   2.479644e-25 
1.453100e+00   2.447749e-25 
1.455800e+00   1.408486e-24 
1.458500e+00   1.401790e-24 
1.461200e+00   1.390622e-24 
1.464000e+00   1.376467e-24 
1.466700e+00   1.361579e-24 
1.469400e+00   1.346119e-24 
1.472100e+00   1.330433e-24 
1.474800e+00   1.314706e-24 
1.477600e+00   1.298467e-24 
1.480300e+00   1.282939e-24 
1.483000e+00   1.267569e-24 
1.485700e+00   1.252377e-24 
1.488400e+00   1.237372e-24 
1.491200e+00   1.222011e-24 
1.493900e+00   1.207393e-24 
1.496600e+00   1.192965e-24 
1.523800e+00   1.057578e-24 
1.551000e+00   9.385125e-25 
1.578200e+00   8.336802e-25 
1.605500e+00   7.410497e-25 
1.632700e+00   6.597669e-25 
1.823100e+00   3.025590e-25 
2.040800e+00   1.315877e-25 
2.176900e+00   8.065029e-26 
2.340200e+00   4.590520e-26 
2.530600e+00   2.407194e-26 
2.829900e+00   9.063250e-27 
3.047600e+00   4.644040e-27 
3.401400e+00   1.530293e-27 
3.700700e+00   5.816145e-28 
4.000000e+00   2.108795e-28 
4.299300e+00   7.035367e-29 
4.680300e+00   1.515436e-29 
5.006800e+00   1.843643e-30 
