9.523900e-02   1.762484e-20 
9.796000e-02   1.550321e-20 
1.006800e-01   1.366366e-20 
1.034000e-01   1.206496e-20 
1.061200e-01   1.067291e-20 
1.088400e-01   9.458511e-21 
1.115700e-01   8.393505e-21 
1.142900e-01   7.464675e-21 
1.170100e-01   6.649999e-21 
1.197300e-01   5.934223e-21 
1.224500e-01   5.304287e-21 
1.251700e-01   4.748990e-21 
1.278900e-01   4.258713e-21 
1.306100e-01   3.825159e-21 
1.333300e-01   3.441191e-21 
1.360600e-01   3.099449e-21 
1.469400e-01   1.075907e-20 
1.496600e-01   1.016180e-20 
1.523800e-01   9.563760e-21 
1.551000e-01   8.989116e-21 
1.578200e-01   8.446174e-21 
1.605500e-01   7.935149e-21 
1.632700e-01   7.459239e-21 
1.659900e-01   7.014921e-21 
1.687100e-01   6.600230e-21 
1.714300e-01   6.213120e-21 
1.741500e-01   5.851601e-21 
1.768700e-01   5.513790e-21 
1.795900e-01   5.197929e-21 
1.823100e-01   4.902413e-21 
1.850400e-01   4.624766e-21 
1.877600e-01   4.365654e-21 
1.904800e-01   4.122768e-21 
1.933200e-01   3.885247e-21 
1.959200e-01   3.681192e-21 
1.986400e-01   3.480470e-21 
2.040800e-01   4.597620e-21 
2.068000e-01   4.398681e-21 
2.095300e-01   4.207541e-21 
2.122500e-01   4.026545e-21 
2.149700e-01   3.854882e-21 
2.176900e-01   3.692133e-21 
2.204100e-01   3.537787e-21 
2.231300e-01   3.391323e-21 
2.258500e-01   3.252247e-21 
2.285700e-01   3.120094e-21 
2.312900e-01   2.994431e-21 
2.340200e-01   2.874432e-21 
2.367400e-01   2.760607e-21 
2.394600e-01   2.652166e-21 
2.421800e-01   2.548794e-21 
2.449000e-01   2.450207e-21 
2.476200e-01   2.356128e-21 
2.503400e-01   2.266312e-21 
2.530600e-01   2.180524e-21 
2.557800e-01   2.098548e-21 
2.585100e-01   2.019894e-21 
2.612300e-01   1.944954e-21 
2.639500e-01   1.873255e-21 
2.666700e-01   1.804631e-21 
2.693900e-01   1.738924e-21 
2.721100e-01   1.675989e-21 
2.857200e-01   1.398177e-21 
2.993200e-01   1.172346e-21 
3.129300e-01   9.872739e-22 
3.265300e-01   8.349395e-22 
3.401400e-01   7.087215e-22 
3.537400e-01   6.038075e-22 
3.673500e-01   5.160999e-22 
3.809500e-01   4.425959e-22 
3.945600e-01   3.806813e-22 
4.081700e-01   3.283875e-22 
4.217700e-01   2.841063e-22 
4.353800e-01   2.464366e-22 
4.489800e-01   2.143445e-22 
4.625900e-01   1.868853e-22 
4.761900e-01   1.633594e-22 
4.898000e-01   1.431209e-22 
5.034000e-01   1.256897e-22 
5.170100e-01   1.106187e-22 
5.306100e-01   9.757527e-23 
5.578300e-01   7.638404e-23 
5.714300e-01   6.779236e-23 
5.850400e-01   6.027725e-23 
5.986400e-01   5.370168e-23 
6.122500e-01   4.792688e-23 
6.258500e-01   4.285271e-23 
6.394600e-01   3.837912e-23 
6.530600e-01   3.443322e-23 
6.666700e-01   3.094024e-23 
6.802800e-01   2.784692e-23 
6.938800e-01   2.510368e-23 
7.074900e-01   2.266335e-23 
7.210900e-01   2.049195e-23 
7.347000e-01   1.855380e-23 
7.483000e-01   1.682377e-23 
7.619100e-01   1.527480e-23 
7.755100e-01   1.388692e-23 
7.891200e-01   1.264149e-23 
8.027200e-01   1.152307e-23 
8.163300e-01   1.051586e-23 
8.299400e-01   9.608267e-24 
8.435400e-01   8.789879e-24 
8.571500e-01   8.049896e-24 
8.707500e-01   7.380930e-24 
8.843600e-01   6.773681e-24 
8.979600e-01   6.224175e-24 
9.115700e-01   5.724844e-24 
9.251700e-01   5.271257e-24 
9.387800e-01   4.858142e-24 
9.523900e-01   4.481768e-24 
9.659900e-01   4.138714e-24 
9.796000e-01   3.825253e-24 
9.932000e-01   3.538948e-24 
1.006800e+00   3.276187e-24 
1.020400e+00   3.036279e-24 
1.034000e+00   2.816332e-24 
1.047600e+00   2.614488e-24 
1.061200e+00   2.429086e-24 
1.074800e+00   2.258631e-24 
1.088400e+00   2.101772e-24 
1.102000e+00   1.957302e-24 
1.115700e+00   1.823182e-24 
1.129300e+00   1.699631e-24 
1.142900e+00   1.586275e-24 
1.156500e+00   1.481520e-24 
1.170100e+00   1.384636e-24 
1.183700e+00   1.294963e-24 
1.197300e+00   1.211898e-24 
1.210900e+00   1.134899e-24 
1.224500e+00   1.063468e-24 
1.227200e+00   1.049909e-24 
1.229900e+00   1.036548e-24 
1.232700e+00   1.022900e-24 
1.235400e+00   1.009934e-24 
1.238100e+00   9.971556e-25 
1.240800e+00   9.845631e-25 
1.243500e+00   9.721529e-25 
1.246300e+00   9.594726e-25 
1.249000e+00   9.474253e-25 
1.257200e+00   1.021604e-24 
1.259900e+00   1.009304e-24 
1.262600e+00   9.967821e-25 
1.265300e+00   9.842304e-25 
1.268000e+00   9.717478e-25 
1.270800e+00   9.589321e-25 
1.273500e+00   9.460181e-25 
1.276200e+00   9.339774e-25 
1.278900e+00   9.221017e-25 
1.281600e+00   9.103944e-25 
1.289800e+00   9.763089e-25 
1.292500e+00   9.646402e-25 
1.295200e+00   9.528003e-25 
1.298000e+00   9.405131e-25 
1.300700e+00   9.287411e-25 
1.303400e+00   9.170864e-25 
1.306100e+00   9.055722e-25 
1.308900e+00   8.937898e-25 
1.311600e+00   8.825853e-25 
1.314300e+00   8.715372e-25 
1.317000e+00   8.606459e-25 
1.319700e+00   8.499090e-25 
1.322500e+00   8.389358e-25 
1.352200e+00   7.320274e-25 
1.327900e+00   8.182288e-25 
1.330600e+00   8.080967e-25 
1.333300e+00   7.981079e-25 
1.336100e+00   7.878988e-25 
1.338800e+00   7.781961e-25 
1.341500e+00   7.686304e-25 
1.344200e+00   7.591996e-25 
1.346900e+00   7.499017e-25 
1.349700e+00   7.403968e-25 
1.352400e+00   7.313624e-25 
1.355100e+00   7.224547e-25 
1.357800e+00   7.136707e-25 
1.360600e+00   7.046904e-25 
1.363300e+00   6.961539e-25 
1.366000e+00   6.877364e-25 
1.368700e+00   6.794340e-25 
1.371400e+00   6.712482e-25 
1.374200e+00   6.628773e-25 
1.376900e+00   6.549193e-25 
1.379600e+00   6.470713e-25 
1.382300e+00   6.393305e-25 
1.385000e+00   6.316960e-25 
1.387800e+00   6.238895e-25 
1.390500e+00   6.164663e-25 
1.393200e+00   6.091446e-25 
1.395900e+00   6.019228e-25 
1.398700e+00   5.945374e-25 
1.401400e+00   5.875141e-25 
1.404100e+00   5.805862e-25 
1.406800e+00   5.737519e-25 
1.409500e+00   5.670101e-25 
1.412300e+00   5.601149e-25 
1.415000e+00   5.535571e-25 
1.417700e+00   5.470877e-25 
1.420400e+00   5.407052e-25 
1.423100e+00   5.344084e-25 
1.425900e+00   5.279673e-25 
1.428600e+00   5.211348e-25 
1.431300e+00   5.150949e-25 
1.434000e+00   5.091357e-25 
1.436700e+00   5.032565e-25 
1.439500e+00   4.972410e-25 
1.442200e+00   4.915186e-25 
1.444900e+00   4.858730e-25 
1.447600e+00   4.803012e-25 
1.450400e+00   4.746009e-25 
1.453100e+00   4.691779e-25 
1.455800e+00   2.696719e-24 
1.458500e+00   2.687800e-24 
1.461200e+00   2.670271e-24 
1.464000e+00   2.647101e-24 
1.466700e+00   2.622303e-24 
1.469400e+00   2.596326e-24 
1.472100e+00   2.569837e-24 
1.474800e+00   2.543193e-24 
1.477600e+00   2.515615e-24 
1.480300e+00   2.489189e-24 
1.483000e+00   2.462992e-24 
1.485700e+00   2.437061e-24 
1.488400e+00   2.411415e-24 
1.491200e+00   2.385129e-24 
1.493900e+00   2.360081e-24 
1.496600e+00   2.335327e-24 
1.523800e+00   2.101482e-24 
1.551000e+00   1.893184e-24 
1.578200e+00   1.707412e-24 
1.605500e+00   1.537281e-24 
1.632700e+00   1.389761e-24 
1.823100e+00   7.084815e-25 
2.040800e+00   3.511548e-25 
2.176900e+00   2.323874e-25 
2.340200e+00   1.451017e-25 
2.530600e+00   8.748845e-26 
2.829900e+00   4.039943e-26 
3.047600e+00   2.424744e-26 
3.401400e+00   1.056716e-26 
3.700700e+00   5.269088e-27 
4.000000e+00   2.629488e-27 
4.299300e+00   1.305606e-27 
4.680300e+00   4.758759e-28 
5.006800e+00   2.163506e-28 
