9.523900e-02   1.782200e-20 
9.796000e-02   1.568210e-20 
1.006800e-01   1.382615e-20 
1.034000e-01   1.221270e-20 
1.061200e-01   1.080738e-20 
1.088400e-01   9.581035e-21 
1.115700e-01   8.505218e-21 
1.142900e-01   7.566675e-21 
1.170100e-01   6.743228e-21 
1.197300e-01   6.019518e-21 
1.224500e-01   5.382407e-21 
1.251700e-01   4.820612e-21 
1.278900e-01   4.324444e-21 
1.306100e-01   3.885556e-21 
1.333300e-01   3.496735e-21 
1.360600e-01   3.150568e-21 
1.469400e-01   1.093871e-20 
1.496600e-01   1.033500e-20 
1.523800e-01   9.730054e-21 
1.551000e-01   9.148513e-21 
1.578200e-01   8.598853e-21 
1.605500e-01   8.081332e-21 
1.632700e-01   7.599231e-21 
1.659900e-01   7.148992e-21 
1.687100e-01   6.728663e-21 
1.714300e-01   6.336175e-21 
1.741500e-01   5.969531e-21 
1.768700e-01   5.626833e-21 
1.795900e-01   5.306316e-21 
1.823100e-01   5.006355e-21 
1.850400e-01   4.724449e-21 
1.877600e-01   4.461286e-21 
1.904800e-01   4.214532e-21 
1.933200e-01   3.973157e-21 
1.959200e-01   3.765733e-21 
1.986400e-01   3.561636e-21 
2.040800e-01   4.704651e-21 
2.068000e-01   4.502540e-21 
2.095300e-01   4.308290e-21 
2.122500e-01   4.124297e-21 
2.149700e-01   3.949752e-21 
2.176900e-01   3.784226e-21 
2.204100e-01   3.627214e-21 
2.231300e-01   3.478184e-21 
2.258500e-01   3.336640e-21 
2.285700e-01   3.202108e-21 
2.312900e-01   3.074151e-21 
2.340200e-01   2.951930e-21 
2.367400e-01   2.835972e-21 
2.394600e-01   2.725470e-21 
2.421800e-01   2.620108e-21 
2.449000e-01   2.519597e-21 
2.476200e-01   2.423659e-21 
2.503400e-01   2.332043e-21 
2.530600e-01   2.244515e-21 
2.557800e-01   2.160852e-21 
2.585100e-01   2.080563e-21 
2.612300e-01   2.004041e-21 
2.639500e-01   1.930812e-21 
2.666700e-01   1.860703e-21 
2.693900e-01   1.793558e-21 
2.721100e-01   1.729227e-21 
2.857200e-01   1.445033e-21 
2.993200e-01   1.213698e-21 
3.129300e-01   1.023851e-21 
3.265300e-01   8.673643e-22 
3.401400e-01   7.375201e-22 
3.537400e-01   6.294361e-22 
3.673500e-01   5.389457e-22 
3.809500e-01   4.629980e-22 
3.945600e-01   3.989303e-22 
4.081700e-01   3.447368e-22 
4.217700e-01   2.987785e-22 
4.353800e-01   2.596235e-22 
4.489800e-01   2.262156e-22 
4.625900e-01   1.975874e-22 
4.761900e-01   1.730228e-22 
4.898000e-01   1.518586e-22 
5.034000e-01   1.336023e-22 
5.170100e-01   1.177939e-22 
5.306100e-01   1.040914e-22 
5.578300e-01   8.177947e-23 
5.714300e-01   7.271218e-23 
5.850400e-01   6.476882e-23 
5.986400e-01   5.780792e-23 
6.122500e-01   5.168533e-23 
6.258500e-01   4.629734e-23 
6.394600e-01   4.153970e-23 
6.530600e-01   3.733685e-23 
6.666700e-01   3.361060e-23 
6.802800e-01   3.030569e-23 
6.938800e-01   2.737028e-23 
7.074900e-01   2.475496e-23 
7.210900e-01   2.242426e-23 
7.347000e-01   2.034072e-23 
7.483000e-01   1.847803e-23 
7.619100e-01   1.680769e-23 
7.755100e-01   1.530871e-23 
7.891200e-01   1.396154e-23 
8.027200e-01   1.274989e-23 
8.163300e-01   1.165702e-23 
8.299400e-01   1.067071e-23 
8.435400e-01   9.779958e-24 
8.571500e-01   8.973309e-24 
8.707500e-01   8.242934e-24 
8.843600e-01   7.578853e-24 
8.979600e-01   6.977029e-24 
9.115700e-01   6.429308e-24 
9.251700e-01   5.930991e-24 
9.387800e-01   5.476424e-24 
9.523900e-01   5.061639e-24 
9.659900e-01   4.682985e-24 
9.796000e-01   4.336455e-24 
9.932000e-01   4.019448e-24 
1.006800e+00   3.728004e-24 
1.020400e+00   3.461538e-24 
1.034000e+00   3.216859e-24 
1.047600e+00   2.991969e-24 
1.061200e+00   2.785070e-24 
1.074800e+00   2.594551e-24 
1.088400e+00   2.418955e-24 
1.102000e+00   2.256973e-24 
1.115700e+00   2.106358e-24 
1.129300e+00   1.967345e-24 
1.142900e+00   1.839644e-24 
1.156500e+00   1.721446e-24 
1.170100e+00   1.611956e-24 
1.183700e+00   1.510453e-24 
1.197300e+00   1.416284e-24 
1.210900e+00   1.328850e-24 
1.224500e+00   1.247611e-24 
1.227200e+00   1.232176e-24 
1.229900e+00   1.216962e-24 
1.232700e+00   1.201414e-24 
1.235400e+00   1.186640e-24 
1.238100e+00   1.172074e-24 
1.240800e+00   1.157716e-24 
1.243500e+00   1.143562e-24 
1.246300e+00   1.129094e-24 
1.249000e+00   1.115345e-24 
1.257200e+00   1.205303e-24 
1.259900e+00   1.191254e-24 
1.262600e+00   1.176928e-24 
1.265300e+00   1.162553e-24 
1.268000e+00   1.148250e-24 
1.270800e+00   1.133557e-24 
1.273500e+00   1.118704e-24 
1.276200e+00   1.104888e-24 
1.278900e+00   1.091257e-24 
1.281600e+00   1.077815e-24 
1.289800e+00   1.157598e-24 
1.292500e+00   1.144201e-24 
1.295200e+00   1.130590e-24 
1.298000e+00   1.116454e-24 
1.300700e+00   1.102902e-24 
1.303400e+00   1.089480e-24 
1.306100e+00   1.076213e-24 
1.308900e+00   1.062632e-24 
1.311600e+00   1.049713e-24 
1.314300e+00   1.036971e-24 
1.317000e+00   1.024405e-24 
1.319700e+00   1.012012e-24 
1.322500e+00   9.993441e-25 
1.352200e+00   8.756886e-25 
1.327900e+00   9.754271e-25 
1.330600e+00   9.637175e-25 
1.333300e+00   9.521717e-25 
1.336100e+00   9.403660e-25 
1.338800e+00   9.291426e-25 
1.341500e+00   9.180747e-25 
1.344200e+00   9.071588e-25 
1.346900e+00   8.963937e-25 
1.349700e+00   8.853854e-25 
1.352400e+00   8.749184e-25 
1.355100e+00   8.645940e-25 
1.357800e+00   8.544105e-25 
1.360600e+00   8.439975e-25 
1.363300e+00   8.340942e-25 
1.366000e+00   8.243255e-25 
1.368700e+00   8.146895e-25 
1.371400e+00   8.051838e-25 
1.374200e+00   7.954607e-25 
1.376900e+00   7.862151e-25 
1.379600e+00   7.770927e-25 
1.382300e+00   7.680931e-25 
1.385000e+00   7.592142e-25 
1.387800e+00   7.501315e-25 
1.390500e+00   7.414932e-25 
1.393200e+00   7.329688e-25 
1.395900e+00   7.245594e-25 
1.398700e+00   7.159560e-25 
1.401400e+00   7.077723e-25 
1.404100e+00   6.996972e-25 
1.406800e+00   6.917278e-25 
1.409500e+00   6.838645e-25 
1.412300e+00   6.758194e-25 
1.415000e+00   6.681660e-25 
1.417700e+00   6.606129e-25 
1.420400e+00   6.531588e-25 
1.423100e+00   6.458025e-25 
1.425900e+00   6.382750e-25 
1.428600e+00   6.302474e-25 
1.431300e+00   6.231847e-25 
1.434000e+00   6.162143e-25 
1.436700e+00   6.093338e-25 
1.439500e+00   6.022932e-25 
1.442200e+00   5.955934e-25 
1.444900e+00   5.889799e-25 
1.447600e+00   5.824525e-25 
1.450400e+00   5.757716e-25 
1.453100e+00   5.694137e-25 
1.455800e+00   3.269964e-24 
1.458500e+00   3.260404e-24 
1.461200e+00   3.240394e-24 
1.464000e+00   3.213569e-24 
1.466700e+00   3.184707e-24 
1.469400e+00   3.154392e-24 
1.472100e+00   3.123430e-24 
1.474800e+00   3.092256e-24 
1.477600e+00   3.059967e-24 
1.480300e+00   3.029009e-24 
1.483000e+00   2.998306e-24 
1.485700e+00   2.967907e-24 
1.488400e+00   2.937827e-24 
1.491200e+00   2.906982e-24 
1.493900e+00   2.877584e-24 
1.496600e+00   2.848522e-24 
1.523800e+00   2.573464e-24 
1.551000e+00   2.327612e-24 
1.578200e+00   2.107593e-24 
1.605500e+00   1.905158e-24 
1.632700e+00   1.729248e-24 
1.823100e+00   9.068573e-25 
2.040800e+00   4.645675e-25 
2.176900e+00   3.139721e-25 
2.340200e+00   2.011346e-25 
2.530600e+00   1.257044e-25 
2.829900e+00   6.063150e-26 
3.047600e+00   3.699300e-26 
3.401400e+00   1.670983e-26 
3.700700e+00   9.047350e-27 
4.000000e+00   4.568369e-27 
4.299300e+00   2.522382e-27 
4.680300e+00   1.091527e-27 
5.006800e+00   5.041092e-28 
