9.523900e-02   9.690239e-21 
9.796000e-02   8.354368e-21 
1.006800e-01   7.215804e-21 
1.034000e-01   6.243213e-21 
1.061200e-01   5.410886e-21 
1.088400e-01   4.697318e-21 
1.115700e-01   4.082413e-21 
1.142900e-01   3.555501e-21 
1.170100e-01   3.101452e-21 
1.197300e-01   2.709552e-21 
1.224500e-01   2.370756e-21 
1.251700e-01   2.077417e-21 
1.278900e-01   1.823050e-21 
1.306100e-01   1.602152e-21 
1.333300e-01   1.410043e-21 
1.360600e-01   1.242160e-21 
1.469400e-01   4.024915e-21 
1.496600e-01   3.721505e-21 
1.523800e-01   3.428164e-21 
1.551000e-01   3.153349e-21 
1.578200e-01   2.899225e-21 
1.605500e-01   2.664755e-21 
1.632700e-01   2.450539e-21 
1.659900e-01   2.254271e-21 
1.687100e-01   2.074482e-21 
1.714300e-01   1.909764e-21 
1.741500e-01   1.758797e-21 
1.768700e-01   1.620368e-21 
1.795900e-01   1.493371e-21 
1.823100e-01   1.376805e-21 
1.850400e-01   1.269379e-21 
1.877600e-01   1.171054e-21 
1.904800e-01   1.080671e-21 
1.933200e-01   9.940427e-22 
1.959200e-01   9.210793e-22 
1.986400e-01   8.506934e-22 
2.040800e-01   1.024675e-21 
2.068000e-01   9.565770e-22 
2.095300e-01   8.927586e-22 
2.122500e-01   8.336185e-22 
2.149700e-01   7.786557e-22 
2.176900e-01   7.275715e-22 
2.204100e-01   6.800724e-22 
2.231300e-01   6.358826e-22 
2.258500e-01   5.947484e-22 
2.285700e-01   5.564368e-22 
2.312900e-01   5.207346e-22 
2.340200e-01   4.873302e-22 
2.367400e-01   4.562887e-22 
2.394600e-01   4.273205e-22 
2.421800e-01   4.002755e-22 
2.449000e-01   3.750173e-22 
2.476200e-01   3.514182e-22 
2.503400e-01   3.293610e-22 
2.530600e-01   3.087401e-22 
2.557800e-01   2.894543e-22 
2.585100e-01   2.713490e-22 
2.612300e-01   2.544711e-22 
2.639500e-01   2.386732e-22 
2.666700e-01   2.238823e-22 
2.693900e-01   2.100319e-22 
2.721100e-01   1.970588e-22 
2.857200e-01   1.434237e-22 
2.993200e-01   1.045817e-22 
3.129300e-01   7.631297e-23 
3.265300e-01   5.571639e-23 
3.401400e-01   4.065969e-23 
3.537400e-01   2.965525e-23 
3.673500e-01   2.159504e-23 
3.809500e-01   1.569934e-23 
3.945600e-01   1.138180e-23 
4.081700e-01   8.225341e-24 
4.217700e-01   5.922497e-24 
4.353800e-01   4.243117e-24 
4.489800e-01   3.023374e-24 
4.625900e-01   2.139002e-24 
4.761900e-01   1.501354e-24 
4.898000e-01   1.043215e-24 
5.034000e-01   7.165778e-25 
5.170100e-01   4.850630e-25 
5.306100e-01   3.227644e-25 
5.578300e-01   1.331094e-25 
5.714300e-01   8.147164e-26 
5.850400e-01   4.761836e-26 
5.986400e-01   2.614314e-26 
6.122500e-01   1.311095e-26 
6.258500e-01   5.712680e-27 
6.394600e-01   1.941552e-27 
6.530600e-01   3.815014e-28 
6.666700e-01   5.601576e-30 
6.802800e-01   0.000000e+00 
6.938800e-01   0.000000e+00 
7.074900e-01   0.000000e+00 
7.210900e-01   0.000000e+00 
7.347000e-01   0.000000e+00 
7.483000e-01   0.000000e+00 
7.619100e-01   0.000000e+00 
7.755100e-01   0.000000e+00 
7.891200e-01   0.000000e+00 
8.027200e-01   0.000000e+00 
8.163300e-01   0.000000e+00 
8.299400e-01   0.000000e+00 
8.435400e-01   0.000000e+00 
8.571500e-01   0.000000e+00 
8.707500e-01   0.000000e+00 
8.843600e-01   0.000000e+00 
8.979600e-01   0.000000e+00 
9.115700e-01   0.000000e+00 
9.251700e-01   0.000000e+00 
9.387800e-01   0.000000e+00 
9.523900e-01   0.000000e+00 
9.659900e-01   0.000000e+00 
9.796000e-01   0.000000e+00 
9.932000e-01   0.000000e+00 
1.006800e+00   0.000000e+00 
1.020400e+00   0.000000e+00 
1.034000e+00   0.000000e+00 
1.047600e+00   0.000000e+00 
1.061200e+00   0.000000e+00 
1.074800e+00   0.000000e+00 
1.088400e+00   0.000000e+00 
1.102000e+00   0.000000e+00 
1.115700e+00   0.000000e+00 
1.129300e+00   0.000000e+00 
1.142900e+00   0.000000e+00 
1.156500e+00   0.000000e+00 
1.170100e+00   0.000000e+00 
1.183700e+00   0.000000e+00 
1.197300e+00   0.000000e+00 
1.210900e+00   0.000000e+00 
1.224500e+00   0.000000e+00 
1.227200e+00   0.000000e+00 
1.229900e+00   0.000000e+00 
1.232700e+00   0.000000e+00 
1.235400e+00   0.000000e+00 
1.238100e+00   0.000000e+00 
1.240800e+00   0.000000e+00 
1.243500e+00   0.000000e+00 
1.246300e+00   0.000000e+00 
1.249000e+00   0.000000e+00 
1.257200e+00   0.000000e+00 
1.259900e+00   0.000000e+00 
1.262600e+00   0.000000e+00 
1.265300e+00   0.000000e+00 
1.268000e+00   0.000000e+00 
1.270800e+00   0.000000e+00 
1.273500e+00   0.000000e+00 
1.276200e+00   0.000000e+00 
1.278900e+00   0.000000e+00 
1.281600e+00   0.000000e+00 
1.289800e+00   0.000000e+00 
1.292500e+00   0.000000e+00 
1.295200e+00   0.000000e+00 
1.298000e+00   0.000000e+00 
1.300700e+00   0.000000e+00 
1.303400e+00   0.000000e+00 
1.306100e+00   0.000000e+00 
1.308900e+00   0.000000e+00 
1.311600e+00   0.000000e+00 
1.314300e+00   0.000000e+00 
1.317000e+00   0.000000e+00 
1.319700e+00   0.000000e+00 
1.322500e+00   0.000000e+00 
1.352200e+00   0.000000e+00 
1.327900e+00   0.000000e+00 
1.330600e+00   0.000000e+00 
1.333300e+00   0.000000e+00 
1.336100e+00   0.000000e+00 
1.338800e+00   0.000000e+00 
1.341500e+00   0.000000e+00 
1.344200e+00   0.000000e+00 
1.346900e+00   0.000000e+00 
1.349700e+00   0.000000e+00 
1.352400e+00   0.000000e+00 
1.355100e+00   0.000000e+00 
1.357800e+00   0.000000e+00 
1.360600e+00   0.000000e+00 
1.363300e+00   0.000000e+00 
1.366000e+00   0.000000e+00 
1.368700e+00   0.000000e+00 
1.371400e+00   0.000000e+00 
1.374200e+00   0.000000e+00 
1.376900e+00   0.000000e+00 
1.379600e+00   0.000000e+00 
1.382300e+00   0.000000e+00 
1.385000e+00   0.000000e+00 
1.387800e+00   0.000000e+00 
1.390500e+00   0.000000e+00 
1.393200e+00   0.000000e+00 
1.395900e+00   0.000000e+00 
1.398700e+00   0.000000e+00 
1.401400e+00   0.000000e+00 
1.404100e+00   0.000000e+00 
1.406800e+00   0.000000e+00 
1.409500e+00   0.000000e+00 
1.412300e+00   0.000000e+00 
1.415000e+00   0.000000e+00 
1.417700e+00   0.000000e+00 
1.420400e+00   0.000000e+00 
1.423100e+00   0.000000e+00 
1.425900e+00   0.000000e+00 
1.428600e+00   0.000000e+00 
1.431300e+00   0.000000e+00 
1.434000e+00   0.000000e+00 
1.436700e+00   0.000000e+00 
1.439500e+00   0.000000e+00 
1.442200e+00   0.000000e+00 
1.444900e+00   0.000000e+00 
1.447600e+00   0.000000e+00 
1.450400e+00   0.000000e+00 
1.453100e+00   0.000000e+00 
1.455800e+00   0.000000e+00 
1.458500e+00   0.000000e+00 
1.461200e+00   0.000000e+00 
1.464000e+00   0.000000e+00 
1.466700e+00   0.000000e+00 
1.469400e+00   0.000000e+00 
1.472100e+00   0.000000e+00 
1.474800e+00   0.000000e+00 
1.477600e+00   0.000000e+00 
1.480300e+00   0.000000e+00 
1.483000e+00   0.000000e+00 
1.485700e+00   0.000000e+00 
1.488400e+00   0.000000e+00 
1.491200e+00   0.000000e+00 
1.493900e+00   0.000000e+00 
1.496600e+00   0.000000e+00 
1.523800e+00   0.000000e+00 
1.551000e+00   0.000000e+00 
1.578200e+00   0.000000e+00 
1.605500e+00   0.000000e+00 
1.632700e+00   0.000000e+00 
1.823100e+00   0.000000e+00 
2.040800e+00   0.000000e+00 
2.176900e+00   0.000000e+00 
2.340200e+00   0.000000e+00 
2.530600e+00   0.000000e+00 
2.829900e+00   0.000000e+00 
3.047600e+00   0.000000e+00 
3.401400e+00   0.000000e+00 
3.700700e+00   0.000000e+00 
4.000000e+00   0.000000e+00 
4.299300e+00   0.000000e+00 
4.680300e+00   0.000000e+00 
5.006800e+00   0.000000e+00 
