9.523900e-02   1.429630e-20 
9.796000e-02   1.249080e-20 
1.006800e-01   1.093446e-20 
1.034000e-01   9.589752e-21 
1.061200e-01   8.425700e-21 
1.088400e-01   7.416148e-21 
1.115700e-01   6.535987e-21 
1.142900e-01   5.772892e-21 
1.170100e-01   5.107523e-21 
1.197300e-01   4.526378e-21 
1.224500e-01   4.017952e-21 
1.251700e-01   3.572424e-21 
1.278900e-01   3.181390e-21 
1.306100e-01   2.837654e-21 
1.333300e-01   2.535036e-21 
1.360600e-01   2.267300e-21 
1.469400e-01   7.777985e-21 
1.496600e-01   7.296296e-21 
1.523800e-01   6.820213e-21 
1.551000e-01   6.366781e-21 
1.578200e-01   5.941411e-21 
1.605500e-01   5.543611e-21 
1.632700e-01   5.175384e-21 
1.659900e-01   4.833619e-21 
1.687100e-01   4.516485e-21 
1.714300e-01   4.222153e-21 
1.741500e-01   3.948860e-21 
1.768700e-01   3.694969e-21 
1.795900e-01   3.458957e-21 
1.823100e-01   3.239432e-21 
1.850400e-01   3.034395e-21 
1.877600e-01   2.844178e-21 
1.904800e-01   2.666935e-21 
1.933200e-01   2.494662e-21 
1.959200e-01   2.347551e-21 
1.986400e-01   2.203698e-21 
2.040800e-01   2.869785e-21 
2.068000e-01   2.726097e-21 
2.095300e-01   2.589034e-21 
2.122500e-01   2.460030e-21 
2.149700e-01   2.338362e-21 
2.176900e-01   2.223638e-21 
2.204100e-01   2.115421e-21 
2.231300e-01   2.013284e-21 
2.258500e-01   1.916822e-21 
2.285700e-01   1.825657e-21 
2.312900e-01   1.739446e-21 
2.340200e-01   1.657577e-21 
2.367400e-01   1.580351e-21 
2.394600e-01   1.507194e-21 
2.421800e-01   1.437852e-21 
2.449000e-01   1.372095e-21 
2.476200e-01   1.309707e-21 
2.503400e-01   1.250488e-21 
2.530600e-01   1.194254e-21 
2.557800e-01   1.140832e-21 
2.585100e-01   1.089881e-21 
2.612300e-01   1.041622e-21 
2.639500e-01   9.957249e-22 
2.666700e-01   9.520582e-22 
2.693900e-01   9.105009e-22 
2.721100e-01   8.709369e-22 
2.857200e-01   6.993867e-22 
2.993200e-01   5.642242e-22 
3.129300e-01   4.569310e-22 
3.265300e-01   3.714440e-22 
3.401400e-01   3.029144e-22 
3.537400e-01   2.478309e-22 
3.673500e-01   2.033247e-22 
3.809500e-01   1.672919e-22 
3.945600e-01   1.379823e-22 
4.081700e-01   1.140890e-22 
4.217700e-01   9.456853e-23 
4.353800e-01   7.855377e-23 
4.489800e-01   6.540085e-23 
4.625900e-01   5.455564e-23 
4.761900e-01   4.560530e-23 
4.898000e-01   3.819123e-23 
5.034000e-01   3.204534e-23 
5.170100e-01   2.693251e-23 
5.306100e-01   2.267670e-23 
5.578300e-01   1.614992e-23 
5.714300e-01   1.366196e-23 
5.850400e-01   1.157249e-23 
5.986400e-01   9.817384e-24 
6.122500e-01   8.338474e-24 
6.258500e-01   7.092205e-24 
6.394600e-01   6.038818e-24 
6.530600e-01   5.148466e-24 
6.666700e-01   4.393728e-24 
6.802800e-01   3.753592e-24 
6.938800e-01   3.210314e-24 
7.074900e-01   2.747987e-24 
7.210900e-01   2.354639e-24 
7.347000e-01   2.019083e-24 
7.483000e-01   1.732953e-24 
7.619100e-01   1.488333e-24 
7.755100e-01   1.279303e-24 
7.891200e-01   1.100235e-24 
8.027200e-01   9.469268e-25 
8.163300e-01   8.153603e-25 
8.299400e-01   7.024465e-25 
8.435400e-01   6.055215e-25 
8.571500e-01   5.221442e-25 
8.707500e-01   4.504715e-25 
8.843600e-01   3.887261e-25 
8.979600e-01   3.355803e-25 
9.115700e-01   2.897403e-25 
9.251700e-01   2.502372e-25 
9.387800e-01   2.161300e-25 
9.523900e-01   1.866890e-25 
9.659900e-01   1.612839e-25 
9.796000e-01   1.393199e-25 
9.932000e-01   1.203515e-25 
1.006800e+00   1.039536e-25 
1.020400e+00   8.977573e-26 
1.034000e+00   7.751189e-26 
1.047600e+00   6.690434e-26 
1.061200e+00   5.772770e-26 
1.074800e+00   4.978812e-26 
1.088400e+00   4.291927e-26 
1.102000e+00   3.697656e-26 
1.115700e+00   3.180158e-26 
1.129300e+00   2.736037e-26 
1.142900e+00   2.352036e-26 
1.156500e+00   2.020076e-26 
1.170100e+00   1.733195e-26 
1.183700e+00   1.485451e-26 
1.197300e+00   1.271486e-26 
1.210900e+00   1.086920e-26 
1.224500e+00   9.277227e-27 
1.227200e+00   8.988670e-27 
1.229900e+00   8.708199e-27 
1.232700e+00   8.426084e-27 
1.235400e+00   8.162161e-27 
1.238100e+00   7.905966e-27 
1.240800e+00   7.657343e-27 
1.243500e+00   7.416074e-27 
1.246300e+00   7.173142e-27 
1.249000e+00   6.945896e-27 
1.257200e+00   6.995787e-27 
1.259900e+00   6.774420e-27 
1.262600e+00   6.557195e-27 
1.265300e+00   6.345141e-27 
1.268000e+00   6.138600e-27 
1.270800e+00   5.930670e-27 
1.273500e+00   5.736353e-27 
1.276200e+00   5.547777e-27 
1.278900e+00   5.364704e-27 
1.281600e+00   5.187310e-27 
1.289800e+00   5.195394e-27 
1.292500e+00   5.024460e-27 
1.295200e+00   4.857289e-27 
1.298000e+00   4.688215e-27 
1.300700e+00   4.530031e-27 
1.303400e+00   4.376457e-27 
1.306100e+00   4.227591e-27 
1.308900e+00   4.077931e-27 
1.311600e+00   3.938129e-27 
1.314300e+00   3.802547e-27 
1.317000e+00   3.671285e-27 
1.319700e+00   3.544203e-27 
1.322500e+00   3.416528e-27 
1.352200e+00   2.295509e-27 
1.327900e+00   3.181828e-27 
1.330600e+00   3.070152e-27 
1.333300e+00   2.961925e-27 
1.336100e+00   2.853403e-27 
1.338800e+00   2.752126e-27 
1.341500e+00   2.654125e-27 
1.344200e+00   2.559309e-27 
1.346900e+00   2.467417e-27 
1.349700e+00   2.375203e-27 
1.352400e+00   2.289272e-27 
1.355100e+00   2.206041e-27 
1.357800e+00   2.125505e-27 
1.360600e+00   2.044784e-27 
1.363300e+00   1.969520e-27 
1.366000e+00   1.896813e-27 
1.368700e+00   1.826423e-27 
1.371400e+00   1.758353e-27 
1.374200e+00   1.690178e-27 
1.376900e+00   1.626554e-27 
1.379600e+00   1.565128e-27 
1.382300e+00   1.505661e-27 
1.385000e+00   1.448207e-27 
1.387800e+00   1.390669e-27 
1.390500e+00   1.336993e-27 
1.393200e+00   1.285219e-27 
1.395900e+00   1.235103e-27 
1.398700e+00   1.185012e-27 
1.401400e+00   1.138400e-27 
1.404100e+00   1.093393e-27 
1.406800e+00   1.049995e-27 
1.409500e+00   1.007955e-27 
1.412300e+00   9.659407e-28 
1.415000e+00   9.268647e-28 
1.417700e+00   8.891272e-28 
1.420400e+00   8.527203e-28 
1.423100e+00   8.175186e-28 
1.425900e+00   7.824172e-28 
1.428600e+00   7.497573e-28 
1.431300e+00   7.183202e-28 
1.434000e+00   6.879650e-28 
1.436700e+00   6.587620e-28 
1.439500e+00   6.295309e-28 
1.442200e+00   6.024414e-28 
1.444900e+00   5.762547e-28 
1.447600e+00   5.510584e-28 
1.450400e+00   5.258893e-28 
1.453100e+00   5.025414e-28 
1.455800e+00   2.838852e-27 
1.458500e+00   2.733249e-27 
1.461200e+00   2.622267e-27 
1.464000e+00   2.506204e-27 
1.466700e+00   2.395564e-27 
1.469400e+00   2.287667e-27 
1.472100e+00   2.182824e-27 
1.474800e+00   2.081584e-27 
1.477600e+00   1.980289e-27 
1.480300e+00   1.886584e-27 
1.483000e+00   1.795997e-27 
1.485700e+00   1.708999e-27 
1.488400e+00   1.625512e-27 
1.491200e+00   1.542550e-27 
1.493900e+00   1.465622e-27 
1.496600e+00   1.391791e-27 
1.523800e+00   7.989967e-28 
1.551000e+00   4.230326e-28 
1.578200e+00   1.984335e-28 
1.605500e+00   7.552238e-29 
1.632700e+00   1.911262e-29 
1.823100e+00   0.000000e+00 
2.040800e+00   0.000000e+00 
2.176900e+00   0.000000e+00 
2.340200e+00   0.000000e+00 
2.530600e+00   0.000000e+00 
2.829900e+00   0.000000e+00 
3.047600e+00   0.000000e+00 
3.401400e+00   0.000000e+00 
3.700700e+00   0.000000e+00 
4.000000e+00   0.000000e+00 
4.299300e+00   0.000000e+00 
4.680300e+00   0.000000e+00 
5.006800e+00   0.000000e+00 
