9.523900e-02   1.652682e-20 
9.796000e-02   1.450778e-20 
1.006800e-01   1.276029e-20 
1.034000e-01   1.124428e-20 
1.061200e-01   9.926585e-21 
1.088400e-01   8.779093e-21 
1.115700e-01   7.774559e-21 
1.142900e-01   6.900039e-21 
1.170100e-01   6.134364e-21 
1.197300e-01   5.462837e-21 
1.224500e-01   4.872906e-21 
1.251700e-01   4.353803e-21 
1.278900e-01   3.896300e-21 
1.306100e-01   3.492456e-21 
1.333300e-01   3.135433e-21 
1.360600e-01   2.818240e-21 
1.469400e-01   9.762983e-21 
1.496600e-01   9.202445e-21 
1.523800e-01   8.643486e-21 
1.551000e-01   8.107861e-21 
1.578200e-01   7.602878e-21 
1.605500e-01   7.128490e-21 
1.632700e-01   6.687489e-21 
1.659900e-01   6.276487e-21 
1.687100e-01   5.893539e-21 
1.714300e-01   5.536665e-21 
1.741500e-01   5.203938e-21 
1.768700e-01   4.893553e-21 
1.795900e-01   4.603838e-21 
1.823100e-01   4.333233e-21 
1.850400e-01   4.079427e-21 
1.877600e-01   3.842974e-21 
1.904800e-01   3.621711e-21 
1.933200e-01   3.405717e-21 
1.959200e-01   3.220477e-21 
1.986400e-01   3.038576e-21 
2.040800e-01   4.008256e-21 
2.068000e-01   3.827225e-21 
2.095300e-01   3.653634e-21 
2.122500e-01   3.489524e-21 
2.149700e-01   3.334113e-21 
2.176900e-01   3.186991e-21 
2.204100e-01   3.047666e-21 
2.231300e-01   2.915650e-21 
2.258500e-01   2.790480e-21 
2.285700e-01   2.671717e-21 
2.312900e-01   2.558954e-21 
2.340200e-01   2.451434e-21 
2.367400e-01   2.349602e-21 
2.394600e-01   2.252735e-21 
2.421800e-01   2.160540e-21 
2.449000e-01   2.072746e-21 
2.476200e-01   1.989100e-21 
2.503400e-01   1.909368e-21 
2.530600e-01   1.833332e-21 
2.557800e-01   1.760789e-21 
2.585100e-01   1.691301e-21 
2.612300e-01   1.625200e-21 
2.639500e-01   1.562058e-21 
2.666700e-01   1.501723e-21 
2.693900e-01   1.444049e-21 
2.721100e-01   1.388899e-21 
2.857200e-01   1.146631e-21 
2.993200e-01   9.513506e-22 
3.129300e-01   7.926904e-22 
3.265300e-01   6.632392e-22 
3.401400e-01   5.569277e-22 
3.537400e-01   4.693542e-22 
3.673500e-01   3.968062e-22 
3.809500e-01   3.365642e-22 
3.945600e-01   2.862867e-22 
4.081700e-01   2.442182e-22 
4.217700e-01   2.089286e-22 
4.353800e-01   1.791916e-22 
4.489800e-01   1.540976e-22 
4.625900e-01   1.328307e-22 
4.761900e-01   1.147848e-22 
4.898000e-01   9.940997e-23 
5.034000e-01   8.629686e-23 
5.170100e-01   7.506886e-23 
5.306100e-01   6.544637e-23 
5.578300e-01   5.003719e-23 
5.714300e-01   4.388440e-23 
5.850400e-01   3.855675e-23 
5.986400e-01   3.394094e-23 
6.122500e-01   2.992783e-23 
6.258500e-01   2.643718e-23 
6.394600e-01   2.339070e-23 
6.530600e-01   2.073080e-23 
6.666700e-01   1.840082e-23 
6.802800e-01   1.635793e-23 
6.938800e-01   1.456488e-23 
7.074900e-01   1.298618e-23 
7.210900e-01   1.159593e-23 
7.347000e-01   1.036801e-23 
7.483000e-01   9.283303e-24 
7.619100e-01   8.322282e-24 
7.755100e-01   7.470823e-24 
7.891200e-01   6.714267e-24 
8.027200e-01   6.042087e-24 
8.163300e-01   5.443172e-24 
8.299400e-01   4.909238e-24 
8.435400e-01   4.432955e-24 
8.571500e-01   4.006942e-24 
8.707500e-01   3.625967e-24 
8.843600e-01   3.284372e-24 
8.979600e-01   2.978034e-24 
9.115700e-01   2.702839e-24 
9.251700e-01   2.455604e-24 
9.387800e-01   2.232907e-24 
9.523900e-01   2.032262e-24 
9.659900e-01   1.851421e-24 
9.796000e-01   1.688016e-24 
9.932000e-01   1.540444e-24 
1.006800e+00   1.406935e-24 
1.020400e+00   1.286034e-24 
1.034000e+00   1.176448e-24 
1.047600e+00   1.077028e-24 
1.061200e+00   9.867518e-25 
1.074800e+00   9.047046e-25 
1.088400e+00   8.300760e-25 
1.102000e+00   7.621362e-25 
1.115700e+00   6.998019e-25 
1.129300e+00   6.433989e-25 
1.142900e+00   5.919288e-25 
1.156500e+00   5.449239e-25 
1.170100e+00   5.019654e-25 
1.183700e+00   4.626764e-25 
1.197300e+00   4.267173e-25 
1.210900e+00   3.937828e-25 
1.224500e+00   3.635982e-25 
1.227200e+00   3.579106e-25 
1.229900e+00   3.523199e-25 
1.232700e+00   3.466222e-25 
1.235400e+00   3.412231e-25 
1.238100e+00   3.359152e-25 
1.240800e+00   3.306970e-25 
1.243500e+00   3.255669e-25 
1.246300e+00   3.203380e-25 
1.249000e+00   3.153821e-25 
1.257200e+00   3.360756e-25 
1.259900e+00   3.310440e-25 
1.262600e+00   3.259681e-25 
1.265300e+00   3.209101e-25 
1.268000e+00   3.159021e-25 
1.270800e+00   3.107785e-25 
1.273500e+00   3.059117e-25 
1.276200e+00   3.011230e-25 
1.278900e+00   2.964120e-25 
1.281600e+00   2.917799e-25 
1.289800e+00   3.097041e-25 
1.292500e+00   3.050888e-25 
1.295200e+00   3.004449e-25 
1.298000e+00   2.956523e-25 
1.300700e+00   2.910801e-25 
1.303400e+00   2.865676e-25 
1.306100e+00   2.821229e-25 
1.308900e+00   2.775869e-25 
1.311600e+00   2.732857e-25 
1.314300e+00   2.690548e-25 
1.317000e+00   2.648946e-25 
1.319700e+00   2.608037e-25 
1.322500e+00   2.566333e-25 
1.352200e+00   2.165906e-25 
1.327900e+00   2.487933e-25 
1.330600e+00   2.449707e-25 
1.333300e+00   2.412123e-25 
1.336100e+00   2.373805e-25 
1.338800e+00   2.337484e-25 
1.341500e+00   2.301761e-25 
1.344200e+00   2.266632e-25 
1.346900e+00   2.232079e-25 
1.349700e+00   2.196851e-25 
1.352400e+00   2.163449e-25 
1.355100e+00   2.130602e-25 
1.357800e+00   2.098292e-25 
1.360600e+00   2.065343e-25 
1.363300e+00   2.034105e-25 
1.366000e+00   2.003373e-25 
1.368700e+00   1.973147e-25 
1.371400e+00   1.943412e-25 
1.374200e+00   1.913090e-25 
1.376900e+00   1.884332e-25 
1.379600e+00   1.856043e-25 
1.382300e+00   1.828217e-25 
1.385000e+00   1.800837e-25 
1.387800e+00   1.772913e-25 
1.390500e+00   1.746430e-25 
1.393200e+00   1.720373e-25 
1.395900e+00   1.694737e-25 
1.398700e+00   1.668590e-25 
1.401400e+00   1.643789e-25 
1.404100e+00   1.619385e-25 
1.406800e+00   1.595374e-25 
1.409500e+00   1.571748e-25 
1.412300e+00   1.547647e-25 
1.415000e+00   1.524782e-25 
1.417700e+00   1.502286e-25 
1.420400e+00   1.480147e-25 
1.423100e+00   1.458361e-25 
1.425900e+00   1.436135e-25 
1.428600e+00   1.415047e-25 
1.431300e+00   1.394297e-25 
1.434000e+00   1.373872e-25 
1.436700e+00   1.353773e-25 
1.439500e+00   1.333264e-25 
1.442200e+00   1.313808e-25 
1.444900e+00   1.294656e-25 
1.447600e+00   1.275806e-25 
1.450400e+00   1.256570e-25 
1.453100e+00   1.237640e-25 
1.455800e+00   7.117744e-25 
1.458500e+00   7.071951e-25 
1.461200e+00   7.003731e-25 
1.464000e+00   6.920277e-25 
1.466700e+00   6.833811e-25 
1.469400e+00   6.744739e-25 
1.472100e+00   6.654802e-25 
1.474800e+00   6.564942e-25 
1.477600e+00   6.472403e-25 
1.480300e+00   6.384078e-25 
1.483000e+00   6.296823e-25 
1.485700e+00   6.210722e-25 
1.488400e+00   6.125809e-25 
1.491200e+00   6.039015e-25 
1.493900e+00   5.956540e-25 
1.496600e+00   5.875247e-25 
1.523800e+00   5.118586e-25 
1.551000e+00   4.463116e-25 
1.578200e+00   3.894747e-25 
1.605500e+00   3.400157e-25 
1.632700e+00   2.972749e-25 
1.823100e+00   1.194017e-25 
2.040800e+00   4.416021e-26 
2.176900e+00   2.424059e-26 
2.340200e+00   1.197516e-26 
2.530600e+00   5.269619e-27 
2.829900e+00   1.473560e-27 
3.047600e+00   5.559749e-28 
3.401400e+00   1.002882e-28 
3.700700e+00   1.707450e-29 
4.000000e+00   1.273419e-30 
4.299300e+00   0.000000e+00 
4.680300e+00   0.000000e+00 
5.006800e+00   0.000000e+00 
