9.523900e-02   1.563105e-20 
9.796000e-02   1.369694e-20 
1.006800e-01   1.202554e-20 
1.034000e-01   1.057779e-20 
1.061200e-01   9.321366e-21 
1.088400e-01   8.228947e-21 
1.115700e-01   7.274108e-21 
1.142900e-01   6.444155e-21 
1.170100e-01   5.718634e-21 
1.197300e-01   5.083327e-21 
1.224500e-01   4.526086e-21 
1.251700e-01   4.036516e-21 
1.278900e-01   3.605718e-21 
1.306100e-01   3.226050e-21 
1.333300e-01   2.890925e-21 
1.360600e-01   2.593659e-21 
1.469400e-01   8.959592e-21 
1.496600e-01   8.430011e-21 
1.523800e-01   7.903741e-21 
1.551000e-01   7.400619e-21 
1.578200e-01   6.927172e-21 
1.605500e-01   6.483163e-21 
1.632700e-01   6.071060e-21 
1.659900e-01   5.687572e-21 
1.687100e-01   5.330803e-21 
1.714300e-01   4.998835e-21 
1.741500e-01   4.689801e-21 
1.768700e-01   4.401958e-21 
1.795900e-01   4.133691e-21 
1.823100e-01   3.883510e-21 
1.850400e-01   3.649225e-21 
1.877600e-01   3.431295e-21 
1.904800e-01   3.227688e-21 
1.933200e-01   3.029247e-21 
1.959200e-01   2.859334e-21 
1.986400e-01   2.692741e-21 
2.040800e-01   3.539871e-21 
2.068000e-01   3.373682e-21 
2.095300e-01   3.214622e-21 
2.122500e-01   3.064488e-21 
2.149700e-01   2.922519e-21 
2.176900e-01   2.788313e-21 
2.204100e-01   2.661401e-21 
2.231300e-01   2.541316e-21 
2.258500e-01   2.427615e-21 
2.285700e-01   2.319886e-21 
2.312900e-01   2.217744e-21 
2.340200e-01   2.120494e-21 
2.367400e-01   2.028521e-21 
2.394600e-01   1.941164e-21 
2.421800e-01   1.858142e-21 
2.449000e-01   1.779201e-21 
2.476200e-01   1.704101e-21 
2.503400e-01   1.632625e-21 
2.530600e-01   1.564566e-21 
2.557800e-01   1.499732e-21 
2.585100e-01   1.437724e-21 
2.612300e-01   1.378830e-21 
2.639500e-01   1.322662e-21 
2.666700e-01   1.269073e-21 
2.693900e-01   1.217927e-21 
2.721100e-01   1.169096e-21 
2.857200e-01   9.555883e-22 
2.993200e-01   7.848872e-22 
3.129300e-01   6.473391e-22 
3.265300e-01   5.360603e-22 
3.401400e-01   4.454562e-22 
3.537400e-01   3.714673e-22 
3.673500e-01   3.107142e-22 
3.809500e-01   2.607158e-22 
3.945600e-01   2.193647e-22 
4.081700e-01   1.850800e-22 
4.217700e-01   1.565858e-22 
4.353800e-01   1.327988e-22 
4.489800e-01   1.129146e-22 
4.625900e-01   9.622323e-23 
4.761900e-01   8.219585e-23 
4.898000e-01   7.036052e-23 
5.034000e-01   6.036483e-23 
5.170100e-01   5.189049e-23 
5.306100e-01   4.470021e-23 
5.578300e-01   3.335484e-23 
5.714300e-01   2.889549e-23 
5.850400e-01   2.507396e-23 
5.986400e-01   2.179739e-23 
6.122500e-01   1.897856e-23 
6.258500e-01   1.655255e-23 
6.394600e-01   1.445781e-23 
6.530600e-01   1.264856e-23 
6.666700e-01   1.108091e-23 
6.802800e-01   9.721381e-24 
6.938800e-01   8.541319e-24 
7.074900e-01   7.513863e-24 
7.210900e-01   6.619229e-24 
7.347000e-01   5.837918e-24 
7.483000e-01   5.155633e-24 
7.619100e-01   4.558097e-24 
7.755100e-01   4.034826e-24 
7.891200e-01   3.575301e-24 
8.027200e-01   3.171836e-24 
8.163300e-01   2.816628e-24 
8.299400e-01   2.503756e-24 
8.435400e-01   2.228038e-24 
8.571500e-01   1.984423e-24 
8.707500e-01   1.769252e-24 
8.843600e-01   1.578706e-24 
8.979600e-01   1.410040e-24 
9.115700e-01   1.260365e-24 
9.251700e-01   1.127603e-24 
9.387800e-01   1.009555e-24 
9.523900e-01   9.045709e-25 
9.659900e-01   8.111789e-25 
9.796000e-01   7.279064e-25 
9.932000e-01   6.536969e-25 
1.006800e+00   5.874582e-25 
1.020400e+00   5.282825e-25 
1.034000e+00   4.753746e-25 
1.047600e+00   4.280338e-25 
1.061200e+00   3.856417e-25 
1.074800e+00   3.476507e-25 
1.088400e+00   3.135817e-25 
1.102000e+00   2.830070e-25 
1.115700e+00   2.553578e-25 
1.129300e+00   2.307017e-25 
1.142900e+00   2.085300e-25 
1.156500e+00   1.885797e-25 
1.170100e+00   1.706167e-25 
1.183700e+00   1.544340e-25 
1.197300e+00   1.398462e-25 
1.210900e+00   1.266888e-25 
1.224500e+00   1.148153e-25 
1.227200e+00   1.125993e-25 
1.229900e+00   1.104270e-25 
1.232700e+00   1.082212e-25 
1.235400e+00   1.061369e-25 
1.238100e+00   1.040945e-25 
1.240800e+00   1.020929e-25 
1.243500e+00   1.001310e-25 
1.246300e+00   9.813799e-26 
1.249000e+00   9.625490e-26 
1.257200e+00   1.013381e-25 
1.259900e+00   9.944057e-26 
1.262600e+00   9.754272e-26 
1.265300e+00   9.566230e-26 
1.268000e+00   9.380924e-26 
1.270800e+00   9.192056e-26 
1.273500e+00   9.013361e-26 
1.276200e+00   8.838093e-26 
1.278900e+00   8.666277e-26 
1.281600e+00   8.497854e-26 
1.289800e+00   8.908536e-26 
1.292500e+00   8.741579e-26 
1.295200e+00   8.574851e-26 
1.298000e+00   8.403831e-26 
1.300700e+00   8.241396e-26 
1.303400e+00   8.081716e-26 
1.306100e+00   7.925061e-26 
1.308900e+00   7.765741e-26 
1.311600e+00   7.615184e-26 
1.314300e+00   7.467606e-26 
1.317000e+00   7.322929e-26 
1.319700e+00   7.181162e-26 
1.322500e+00   7.037127e-26 
1.352200e+00   5.680839e-26 
1.327900e+00   6.767720e-26 
1.330600e+00   6.637008e-26 
1.333300e+00   6.508937e-26 
1.336100e+00   6.378782e-26 
1.338800e+00   6.255844e-26 
1.341500e+00   6.135331e-26 
1.344200e+00   6.017209e-26 
1.346900e+00   5.901444e-26 
1.349700e+00   5.783802e-26 
1.352400e+00   5.672683e-26 
1.355100e+00   5.563723e-26 
1.357800e+00   5.456937e-26 
1.360600e+00   5.348434e-26 
1.363300e+00   5.245874e-26 
1.366000e+00   5.145361e-26 
1.368700e+00   5.046829e-26 
1.371400e+00   4.950220e-26 
1.374200e+00   4.852045e-26 
1.376900e+00   4.759272e-26 
1.379600e+00   4.668306e-26 
1.382300e+00   4.579146e-26 
1.385000e+00   4.491736e-26 
1.387800e+00   4.402898e-26 
1.390500e+00   4.318933e-26 
1.393200e+00   4.236621e-26 
1.395900e+00   4.155901e-26 
1.398700e+00   4.073867e-26 
1.401400e+00   3.996340e-26 
1.404100e+00   3.920317e-26 
1.406800e+00   3.845818e-26 
1.409500e+00   3.772710e-26 
1.412300e+00   3.698426e-26 
1.415000e+00   3.628212e-26 
1.417700e+00   3.559363e-26 
1.420400e+00   3.491860e-26 
1.423100e+00   3.425639e-26 
1.425900e+00   3.358361e-26 
1.428600e+00   3.294751e-26 
1.431300e+00   3.232364e-26 
1.434000e+00   3.171188e-26 
1.436700e+00   3.111217e-26 
1.439500e+00   3.050237e-26 
1.442200e+00   2.992581e-26 
1.444900e+00   2.936052e-26 
1.447600e+00   2.880611e-26 
1.450400e+00   2.824241e-26 
1.453100e+00   2.770946e-26 
1.455800e+00   1.589367e-25 
1.458500e+00   1.572188e-25 
1.461200e+00   1.550137e-25 
1.464000e+00   1.524624e-25 
1.466700e+00   1.498896e-25 
1.469400e+00   1.472768e-25 
1.472100e+00   1.446644e-25 
1.474800e+00   1.420730e-25 
1.477600e+00   1.394190e-25 
1.480300e+00   1.368990e-25 
1.483000e+00   1.344202e-25 
1.485700e+00   1.319832e-25 
1.488400e+00   1.295904e-25 
1.491200e+00   1.271536e-25 
1.493900e+00   1.248478e-25 
1.496600e+00   1.225829e-25 
1.523800e+00   1.019355e-25 
1.551000e+00   8.474264e-26 
1.578200e+00   7.042410e-26 
1.605500e+00   5.846564e-26 
1.632700e+00   4.855487e-26 
1.823100e+00   1.302402e-26 
2.040800e+00   2.656930e-27 
2.176900e+00   8.849506e-28 
2.340200e+00   1.877153e-28 
2.530600e+00   1.288137e-29 
2.829900e+00   0.000000e+00 
3.047600e+00   0.000000e+00 
3.401400e+00   0.000000e+00 
3.700700e+00   0.000000e+00 
4.000000e+00   0.000000e+00 
4.299300e+00   0.000000e+00 
4.680300e+00   0.000000e+00 
5.006800e+00   0.000000e+00 
