9.523900e-02   1.344681e-20 
9.796000e-02   1.172468e-20 
1.006800e-01   1.024277e-20 
1.034000e-01   8.964616e-21 
1.061200e-01   7.860111e-21 
1.088400e-01   6.903896e-21 
1.115700e-01   6.071708e-21 
1.142900e-01   5.351490e-21 
1.170100e-01   4.724630e-21 
1.197300e-01   4.178104e-21 
1.224500e-01   3.700824e-21 
1.251700e-01   3.283341e-21 
1.278900e-01   2.917586e-21 
1.306100e-01   2.596658e-21 
1.333300e-01   2.314632e-21 
1.360600e-01   2.065573e-21 
1.469400e-01   7.041911e-21 
1.496600e-01   6.591717e-21 
1.523800e-01   6.148377e-21 
1.551000e-01   5.727213e-21 
1.578200e-01   5.332975e-21 
1.605500e-01   4.965022e-21 
1.632700e-01   4.625074e-21 
1.659900e-01   4.310143e-21 
1.687100e-01   4.018453e-21 
1.714300e-01   3.748237e-21 
1.741500e-01   3.497803e-21 
1.768700e-01   3.265581e-21 
1.795900e-01   3.050118e-21 
1.823100e-01   2.850088e-21 
1.850400e-01   2.663612e-21 
1.877600e-01   2.490949e-21 
1.904800e-01   2.330371e-21 
1.933200e-01   2.174607e-21 
1.959200e-01   2.041854e-21 
1.986400e-01   1.912289e-21 
2.040800e-01   2.468193e-21 
2.068000e-01   2.338920e-21 
2.095300e-01   2.215917e-21 
2.122500e-01   2.100391e-21 
2.149700e-01   1.991651e-21 
2.176900e-01   1.889314e-21 
2.204100e-01   1.792966e-21 
2.231300e-01   1.702207e-21 
2.258500e-01   1.616655e-21 
2.285700e-01   1.535957e-21 
2.312900e-01   1.459795e-21 
2.340200e-01   1.387611e-21 
2.367400e-01   1.319658e-21 
2.394600e-01   1.255413e-21 
2.421800e-01   1.194641e-21 
2.449000e-01   1.137128e-21 
2.476200e-01   1.082672e-21 
2.503400e-01   1.031089e-21 
2.530600e-01   9.822078e-22 
2.557800e-01   9.358678e-22 
2.585100e-01   8.917631e-22 
2.612300e-01   8.500775e-22 
2.639500e-01   8.105150e-22 
2.666700e-01   7.729572e-22 
2.693900e-01   7.372882e-22 
2.721100e-01   7.034048e-22 
2.857200e-01   5.574143e-22 
2.993200e-01   4.436628e-22 
3.129300e-01   3.543891e-22 
3.265300e-01   2.840835e-22 
3.401400e-01   2.283906e-22 
3.537400e-01   1.841675e-22 
3.673500e-01   1.488759e-22 
3.809500e-01   1.206625e-22 
3.945600e-01   9.800774e-23 
4.081700e-01   7.978055e-23 
4.217700e-01   6.508727e-23 
4.353800e-01   5.319608e-23 
4.489800e-01   4.356450e-23 
4.625900e-01   3.573451e-23 
4.761900e-01   2.936505e-23 
4.898000e-01   2.416573e-23 
5.034000e-01   1.991969e-23 
5.170100e-01   1.644069e-23 
5.306100e-01   1.358937e-23 
5.578300e-01   9.316467e-24 
5.714300e-01   7.728188e-24 
5.850400e-01   6.416426e-24 
5.986400e-01   5.333159e-24 
6.122500e-01   4.436107e-24 
6.258500e-01   3.693437e-24 
6.394600e-01   3.076947e-24 
6.530600e-01   2.565397e-24 
6.666700e-01   2.139849e-24 
6.802800e-01   1.785808e-24 
6.938800e-01   1.491173e-24 
7.074900e-01   1.245420e-24 
7.210900e-01   1.040584e-24 
7.347000e-01   8.694820e-25 
7.483000e-01   7.266851e-25 
7.619100e-01   6.072638e-25 
7.755100e-01   5.074890e-25 
7.891200e-01   4.239781e-25 
8.027200e-01   3.541558e-25 
8.163300e-01   2.956824e-25 
8.299400e-01   2.467395e-25 
8.435400e-01   2.058029e-25 
8.571500e-01   1.715069e-25 
8.707500e-01   1.428255e-25 
8.843600e-01   1.188044e-25 
8.979600e-01   9.872487e-26 
9.115700e-01   8.191946e-26 
9.251700e-01   6.788407e-26 
9.387800e-01   5.615210e-26 
9.523900e-01   4.636041e-26 
9.659900e-01   3.820173e-26 
9.796000e-01   3.139990e-26 
9.932000e-01   2.574657e-26 
1.006800e+00   2.104941e-26 
1.020400e+00   1.715353e-26 
1.034000e+00   1.392711e-26 
1.047600e+00   1.126299e-26 
1.061200e+00   9.066347e-27 
1.074800e+00   7.261330e-27 
1.088400e+00   5.782233e-27 
1.102000e+00   4.574968e-27 
1.115700e+00   3.586457e-27 
1.129300e+00   2.792883e-27 
1.142900e+00   2.153929e-27 
1.156500e+00   1.643053e-27 
1.170100e+00   1.236910e-27 
1.183700e+00   9.171131e-28 
1.197300e+00   6.676368e-28 
1.210900e+00   4.753463e-28 
1.224500e+00   3.296024e-28 
1.227200e+00   3.052119e-28 
1.229900e+00   2.823398e-28 
1.232700e+00   2.599781e-28 
1.235400e+00   2.397187e-28 
1.238100e+00   2.206127e-28 
1.240800e+00   2.027595e-28 
1.243500e+00   1.860939e-28 
1.246300e+00   1.698002e-28 
1.249000e+00   1.551768e-28 
1.257200e+00   1.279410e-28 
1.259900e+00   1.157900e-28 
1.262600e+00   1.044921e-28 
1.265300e+00   9.400209e-29 
1.268000e+00   8.431242e-29 
1.270800e+00   7.493887e-29 
1.273500e+00   6.662163e-29 
1.276200e+00   5.907707e-29 
1.278900e+00   5.204778e-29 
1.281600e+00   4.570015e-29 
1.289800e+00   3.288714e-29 
1.292500e+00   2.813909e-29 
1.295200e+00   2.390573e-29 
1.298000e+00   1.999372e-29 
1.300700e+00   1.665413e-29 
1.303400e+00   1.371134e-29 
1.306100e+00   1.114324e-29 
1.308900e+00   8.844760e-30 
1.311600e+00   6.924206e-30 
1.314300e+00   5.307465e-30 
1.317000e+00   3.962883e-30 
1.319700e+00   2.850407e-30 
1.322500e+00   1.953901e-30 
1.352200e+00   0.000000e+00 
1.327900e+00   7.550841e-31 
1.330600e+00   3.885092e-31 
1.333300e+00   1.647269e-31 
1.336100e+00   4.497219e-32 
1.338800e+00   9.508071e-33 
1.341500e+00   0.000000e+00 
1.344200e+00   0.000000e+00 
1.346900e+00   0.000000e+00 
1.349700e+00   0.000000e+00 
1.352400e+00   0.000000e+00 
1.355100e+00   0.000000e+00 
1.357800e+00   0.000000e+00 
1.360600e+00   0.000000e+00 
1.363300e+00   0.000000e+00 
1.366000e+00   0.000000e+00 
1.368700e+00   0.000000e+00 
1.371400e+00   0.000000e+00 
1.374200e+00   0.000000e+00 
1.376900e+00   0.000000e+00 
1.379600e+00   0.000000e+00 
1.382300e+00   0.000000e+00 
1.385000e+00   0.000000e+00 
1.387800e+00   0.000000e+00 
1.390500e+00   0.000000e+00 
1.393200e+00   0.000000e+00 
1.395900e+00   0.000000e+00 
1.398700e+00   0.000000e+00 
1.401400e+00   0.000000e+00 
1.404100e+00   0.000000e+00 
1.406800e+00   0.000000e+00 
1.409500e+00   0.000000e+00 
1.412300e+00   0.000000e+00 
1.415000e+00   0.000000e+00 
1.417700e+00   0.000000e+00 
1.420400e+00   0.000000e+00 
1.423100e+00   0.000000e+00 
1.425900e+00   0.000000e+00 
1.428600e+00   0.000000e+00 
1.431300e+00   0.000000e+00 
1.434000e+00   0.000000e+00 
1.436700e+00   0.000000e+00 
1.439500e+00   0.000000e+00 
1.442200e+00   0.000000e+00 
1.444900e+00   0.000000e+00 
1.447600e+00   0.000000e+00 
1.450400e+00   0.000000e+00 
1.453100e+00   0.000000e+00 
1.455800e+00   0.000000e+00 
1.458500e+00   0.000000e+00 
1.461200e+00   0.000000e+00 
1.464000e+00   0.000000e+00 
1.466700e+00   0.000000e+00 
1.469400e+00   0.000000e+00 
1.472100e+00   0.000000e+00 
1.474800e+00   0.000000e+00 
1.477600e+00   0.000000e+00 
1.480300e+00   0.000000e+00 
1.483000e+00   0.000000e+00 
1.485700e+00   0.000000e+00 
1.488400e+00   0.000000e+00 
1.491200e+00   0.000000e+00 
1.493900e+00   0.000000e+00 
1.496600e+00   0.000000e+00 
1.523800e+00   0.000000e+00 
1.551000e+00   0.000000e+00 
1.578200e+00   0.000000e+00 
1.605500e+00   0.000000e+00 
1.632700e+00   0.000000e+00 
1.823100e+00   0.000000e+00 
2.040800e+00   0.000000e+00 
2.176900e+00   0.000000e+00 
2.340200e+00   0.000000e+00 
2.530600e+00   0.000000e+00 
2.829900e+00   0.000000e+00 
3.047600e+00   0.000000e+00 
3.401400e+00   0.000000e+00 
3.700700e+00   0.000000e+00 
4.000000e+00   0.000000e+00 
4.299300e+00   0.000000e+00 
4.680300e+00   0.000000e+00 
5.006800e+00   0.000000e+00 
