9.523900e-02   1.530656e-20 
9.796000e-02   1.340350e-20 
1.006800e-01   1.175988e-20 
1.034000e-01   1.033704e-20 
1.061200e-01   9.102943e-21 
1.088400e-01   8.030573e-21 
1.115700e-01   7.093817e-21 
1.142900e-01   6.280058e-21 
1.170100e-01   5.569122e-21 
1.197300e-01   4.946956e-21 
1.224500e-01   4.401566e-21 
1.251700e-01   3.922696e-21 
1.278900e-01   3.501567e-21 
1.306100e-01   3.130641e-21 
1.333300e-01   2.803435e-21 
1.360600e-01   2.513362e-21 
1.469400e-01   8.670123e-21 
1.496600e-01   8.151990e-21 
1.523800e-01   7.637768e-21 
1.551000e-01   7.146595e-21 
1.578200e-01   6.684729e-21 
1.605500e-01   6.251863e-21 
1.632700e-01   5.850346e-21 
1.659900e-01   5.476935e-21 
1.687100e-01   5.129750e-21 
1.714300e-01   4.806887e-21 
1.741500e-01   4.506508e-21 
1.768700e-01   4.226891e-21 
1.795900e-01   3.966444e-21 
1.823100e-01   3.723706e-21 
1.850400e-01   3.496525e-21 
1.877600e-01   3.285332e-21 
1.904800e-01   3.088140e-21 
1.933200e-01   2.896075e-21 
1.959200e-01   2.731719e-21 
1.986400e-01   2.570674e-21 
2.040800e-01   3.373333e-21 
2.068000e-01   3.212579e-21 
2.095300e-01   3.058837e-21 
2.122500e-01   2.913820e-21 
2.149700e-01   2.776766e-21 
2.176900e-01   2.647279e-21 
2.204100e-01   2.524901e-21 
2.231300e-01   2.409171e-21 
2.258500e-01   2.299652e-21 
2.285700e-01   2.195947e-21 
2.312900e-01   2.097679e-21 
2.340200e-01   2.004172e-21 
2.367400e-01   1.915791e-21 
2.394600e-01   1.831893e-21 
2.421800e-01   1.752205e-21 
2.449000e-01   1.676480e-21 
2.476200e-01   1.604484e-21 
2.503400e-01   1.536002e-21 
2.530600e-01   1.470833e-21 
2.557800e-01   1.408792e-21 
2.585100e-01   1.349492e-21 
2.612300e-01   1.293202e-21 
2.639500e-01   1.239552e-21 
2.666700e-01   1.188396e-21 
2.693900e-01   1.139606e-21 
2.721100e-01   1.093054e-21 
2.857200e-01   8.898865e-22 
2.993200e-01   7.279819e-22 
3.129300e-01   5.979570e-22 
3.265300e-01   4.931210e-22 
3.401400e-01   4.080562e-22 
3.537400e-01   3.388371e-22 
3.673500e-01   2.822019e-22 
3.809500e-01   2.357615e-22 
3.945600e-01   1.974941e-22 
4.081700e-01   1.658843e-22 
4.217700e-01   1.397124e-22 
4.353800e-01   1.179472e-22 
4.489800e-01   9.982344e-23 
4.625900e-01   8.466916e-23 
4.761900e-01   7.198420e-23 
4.898000e-01   6.132413e-23 
5.034000e-01   5.235763e-23 
5.170100e-01   4.478691e-23 
5.306100e-01   3.838982e-23 
5.578300e-01   2.835824e-23 
5.714300e-01   2.444111e-23 
5.850400e-01   2.109881e-23 
5.986400e-01   1.824565e-23 
6.122500e-01   1.580201e-23 
6.258500e-01   1.370833e-23 
6.394600e-01   1.190871e-23 
6.530600e-01   1.036144e-23 
6.666700e-01   9.027002e-24 
6.802800e-01   7.875186e-24 
6.938800e-01   6.880109e-24 
7.074900e-01   6.017867e-24 
7.210900e-01   5.270694e-24 
7.347000e-01   4.621409e-24 
7.483000e-01   4.057198e-24 
7.619100e-01   3.565532e-24 
7.755100e-01   3.137139e-24 
7.891200e-01   2.762875e-24 
8.027200e-01   2.435963e-24 
8.163300e-01   2.149650e-24 
8.299400e-01   1.898791e-24 
8.435400e-01   1.678907e-24 
8.571500e-01   1.485675e-24 
8.707500e-01   1.315928e-24 
8.843600e-01   1.166444e-24 
8.979600e-01   1.034860e-24 
9.115700e-01   9.187476e-25 
9.251700e-01   8.163483e-25 
9.387800e-01   7.258201e-25 
9.523900e-01   6.457822e-25 
9.659900e-01   5.750038e-25 
9.796000e-01   5.122701e-25 
9.932000e-01   4.567026e-25 
1.006800e+00   4.074066e-25 
1.020400e+00   3.636392e-25 
1.034000e+00   3.247533e-25 
1.047600e+00   2.901793e-25 
1.061200e+00   2.594164e-25 
1.074800e+00   2.320276e-25 
1.088400e+00   2.076267e-25 
1.102000e+00   1.858737e-25 
1.115700e+00   1.663358e-25 
1.129300e+00   1.490317e-25 
1.142900e+00   1.335787e-25 
1.156500e+00   1.197710e-25 
1.170100e+00   1.074264e-25 
1.183700e+00   9.638562e-26 
1.197300e+00   8.650507e-26 
1.210900e+00   7.765914e-26 
1.224500e+00   6.973605e-26 
1.227200e+00   6.826367e-26 
1.229900e+00   6.682347e-26 
1.232700e+00   6.536262e-26 
1.235400e+00   6.398458e-26 
1.238100e+00   6.263591e-26 
1.240800e+00   6.131664e-26 
1.243500e+00   6.002525e-26 
1.246300e+00   5.871536e-26 
1.249000e+00   5.748034e-26 
1.257200e+00   6.014067e-26 
1.259900e+00   5.890120e-26 
1.262600e+00   5.766596e-26 
1.265300e+00   5.644505e-26 
1.268000e+00   5.524428e-26 
1.270800e+00   5.402275e-26 
1.273500e+00   5.286908e-26 
1.276200e+00   5.173977e-26 
1.278900e+00   5.063415e-26 
1.281600e+00   4.955233e-26 
1.289800e+00   5.161836e-26 
1.292500e+00   5.054945e-26 
1.295200e+00   4.948613e-26 
1.298000e+00   4.839780e-26 
1.300700e+00   4.736652e-26 
1.303400e+00   4.635502e-26 
1.306100e+00   4.536379e-26 
1.308900e+00   4.435783e-26 
1.311600e+00   4.340877e-26 
1.314300e+00   4.247993e-26 
1.317000e+00   4.157127e-26 
1.319700e+00   4.068203e-26 
1.322500e+00   3.978015e-26 
1.352200e+00   3.137212e-26 
1.327900e+00   3.809758e-26 
1.330600e+00   3.728346e-26 
1.333300e+00   3.648704e-26 
1.336100e+00   3.567916e-26 
1.338800e+00   3.491719e-26 
1.341500e+00   3.417179e-26 
1.344200e+00   3.344255e-26 
1.346900e+00   3.272879e-26 
1.349700e+00   3.200482e-26 
1.352400e+00   3.132209e-26 
1.355100e+00   3.065393e-26 
1.357800e+00   3.000007e-26 
1.360600e+00   2.933695e-26 
1.363300e+00   2.871140e-26 
1.366000e+00   2.809925e-26 
1.368700e+00   2.750037e-26 
1.371400e+00   2.691424e-26 
1.374200e+00   2.631951e-26 
1.376900e+00   2.575871e-26 
1.379600e+00   2.521000e-26 
1.382300e+00   2.467272e-26 
1.385000e+00   2.414709e-26 
1.387800e+00   2.361385e-26 
1.390500e+00   2.311089e-26 
1.393200e+00   2.261861e-26 
1.395900e+00   2.213684e-26 
1.398700e+00   2.164801e-26 
1.401400e+00   2.118708e-26 
1.404100e+00   2.073571e-26 
1.406800e+00   2.029418e-26 
1.409500e+00   1.986190e-26 
1.412300e+00   1.942349e-26 
1.415000e+00   1.900992e-26 
1.417700e+00   1.860508e-26 
1.420400e+00   1.820887e-26 
1.423100e+00   1.782105e-26 
1.425900e+00   1.742768e-26 
1.428600e+00   1.705651e-26 
1.431300e+00   1.669317e-26 
1.434000e+00   1.633765e-26 
1.436700e+00   1.598959e-26 
1.439500e+00   1.563634e-26 
1.442200e+00   1.530327e-26 
1.444900e+00   1.497708e-26 
1.447600e+00   1.465792e-26 
1.450400e+00   1.433408e-26 
1.453100e+00   1.402848e-26 
1.455800e+00   8.037318e-26 
1.458500e+00   7.930556e-26 
1.461200e+00   7.799667e-26 
1.464000e+00   7.651273e-26 
1.466700e+00   7.503091e-26 
1.469400e+00   7.353522e-26 
1.472100e+00   7.204615e-26 
1.474800e+00   7.057371e-26 
1.477600e+00   6.907016e-26 
1.480300e+00   6.764602e-26 
1.483000e+00   6.624760e-26 
1.485700e+00   6.487665e-26 
1.488400e+00   6.353261e-26 
1.491200e+00   6.216718e-26 
1.493900e+00   6.087735e-26 
1.496600e+00   5.961427e-26 
1.523800e+00   4.822704e-26 
1.551000e+00   3.895200e-26 
1.578200e+00   3.140524e-26 
1.605500e+00   2.525202e-26 
1.632700e+00   2.027819e-26 
1.823100e+00   4.019531e-27 
2.040800e+00   4.306519e-28 
2.176900e+00   5.838439e-29 
2.340200e+00   8.096205e-33 
2.530600e+00   0.000000e+00 
2.829900e+00   0.000000e+00 
3.047600e+00   0.000000e+00 
3.401400e+00   0.000000e+00 
3.700700e+00   0.000000e+00 
4.000000e+00   0.000000e+00 
4.299300e+00   0.000000e+00 
4.680300e+00   0.000000e+00 
5.006800e+00   0.000000e+00 
