9.523900e-02   1.745686e-20 
9.796000e-02   1.535082e-20 
1.006800e-01   1.352528e-20 
1.034000e-01   1.193917e-20 
1.061200e-01   1.055844e-20 
1.088400e-01   9.354240e-21 
1.115700e-01   8.298457e-21 
1.142900e-01   7.377915e-21 
1.170100e-01   6.570720e-21 
1.197300e-01   5.861704e-21 
1.224500e-01   5.237885e-21 
1.251700e-01   4.688124e-21 
1.278900e-01   4.202861e-21 
1.306100e-01   3.773861e-21 
1.333300e-01   3.394019e-21 
1.360600e-01   3.056041e-21 
1.469400e-01   1.060618e-20 
1.496600e-01   1.001444e-20 
1.523800e-01   9.422293e-21 
1.551000e-01   8.853554e-21 
1.578200e-01   8.316365e-21 
1.605500e-01   7.810894e-21 
1.632700e-01   7.340282e-21 
1.659900e-01   6.901016e-21 
1.687100e-01   6.491145e-21 
1.714300e-01   6.108631e-21 
1.741500e-01   5.751490e-21 
1.768700e-01   5.417848e-21 
1.795900e-01   5.105971e-21 
1.823100e-01   4.814249e-21 
1.850400e-01   4.540233e-21 
1.877600e-01   4.284576e-21 
1.904800e-01   4.044987e-21 
1.933200e-01   3.810753e-21 
1.959200e-01   3.609572e-21 
1.986400e-01   3.411728e-21 
2.040800e-01   4.506669e-21 
2.068000e-01   4.310444e-21 
2.095300e-01   4.121967e-21 
2.122500e-01   3.943529e-21 
2.149700e-01   3.774330e-21 
2.176900e-01   3.613953e-21 
2.204100e-01   3.461885e-21 
2.231300e-01   3.317617e-21 
2.258500e-01   3.180651e-21 
2.285700e-01   3.050533e-21 
2.312900e-01   2.926832e-21 
2.340200e-01   2.808728e-21 
2.367400e-01   2.696727e-21 
2.394600e-01   2.590045e-21 
2.421800e-01   2.488374e-21 
2.449000e-01   2.391429e-21 
2.476200e-01   2.298941e-21 
2.503400e-01   2.210660e-21 
2.530600e-01   2.126359e-21 
2.557800e-01   2.045819e-21 
2.585100e-01   1.968565e-21 
2.612300e-01   1.894972e-21 
2.639500e-01   1.824580e-21 
2.666700e-01   1.757221e-21 
2.693900e-01   1.692742e-21 
2.721100e-01   1.630997e-21 
2.857200e-01   1.358625e-21 
2.993200e-01   1.137483e-21 
3.129300e-01   9.564734e-22 
3.265300e-01   8.076691e-22 
3.401400e-01   6.845303e-22 
3.537400e-01   5.823063e-22 
3.673500e-01   4.969572e-22 
3.809500e-01   4.255224e-22 
3.945600e-01   3.654287e-22 
4.081700e-01   3.147395e-22 
4.217700e-01   2.718736e-22 
4.353800e-01   2.354565e-22 
4.489800e-01   2.044723e-22 
4.625900e-01   1.779965e-22 
4.761900e-01   1.553437e-22 
4.898000e-01   1.358822e-22 
5.034000e-01   1.191429e-22 
5.170100e-01   1.046896e-22 
5.306100e-01   9.219763e-23 
5.578300e-01   7.194257e-23 
5.714300e-01   6.374760e-23 
5.850400e-01   5.658930e-23 
5.986400e-01   5.033441e-23 
6.122500e-01   4.484873e-23 
6.258500e-01   4.003523e-23 
6.394600e-01   3.579726e-23 
6.530600e-01   3.206431e-23 
6.666700e-01   2.876443e-23 
6.802800e-01   2.584613e-23 
6.938800e-01   2.326164e-23 
7.074900e-01   2.096572e-23 
7.210900e-01   1.892564e-23 
7.347000e-01   1.710721e-23 
7.483000e-01   1.548631e-23 
7.619100e-01   1.403705e-23 
7.755100e-01   1.274041e-23 
7.891200e-01   1.157839e-23 
8.027200e-01   1.053635e-23 
8.163300e-01   9.599231e-24 
8.299400e-01   8.755978e-24 
8.435400e-01   7.996664e-24 
8.571500e-01   7.311073e-24 
8.707500e-01   6.692150e-24 
8.843600e-01   6.131177e-24 
8.979600e-01   5.624207e-24 
9.115700e-01   5.164179e-24 
9.251700e-01   4.746883e-24 
9.387800e-01   4.367364e-24 
9.523900e-01   4.022084e-24 
9.659900e-01   3.707825e-24 
9.796000e-01   3.421087e-24 
9.932000e-01   3.159557e-24 
1.006800e+00   2.919937e-24 
1.020400e+00   2.701419e-24 
1.034000e+00   2.501369e-24 
1.047600e+00   2.318050e-24 
1.061200e+00   2.149906e-24 
1.074800e+00   1.995538e-24 
1.088400e+00   1.853692e-24 
1.102000e+00   1.723237e-24 
1.115700e+00   1.602305e-24 
1.129300e+00   1.491118e-24 
1.142900e+00   1.389204e-24 
1.156500e+00   1.295161e-24 
1.170100e+00   1.208313e-24 
1.183700e+00   1.128040e-24 
1.197300e+00   1.053756e-24 
1.210900e+00   9.849971e-25 
1.224500e+00   9.213037e-25 
1.227200e+00   9.092246e-25 
1.229900e+00   8.973258e-25 
1.232700e+00   8.851734e-25 
1.235400e+00   8.736323e-25 
1.238100e+00   8.622624e-25 
1.240800e+00   8.510606e-25 
1.243500e+00   8.400239e-25 
1.246300e+00   8.287512e-25 
1.249000e+00   8.180435e-25 
1.257200e+00   8.804780e-25 
1.259900e+00   8.695543e-25 
1.262600e+00   8.584481e-25 
1.265300e+00   8.473253e-25 
1.268000e+00   8.362719e-25 
1.270800e+00   8.249278e-25 
1.273500e+00   8.141264e-25 
1.276200e+00   8.034710e-25 
1.278900e+00   7.929654e-25 
1.281600e+00   7.826116e-25 
1.289800e+00   8.381230e-25 
1.292500e+00   8.278013e-25 
1.295200e+00   8.173418e-25 
1.298000e+00   8.064951e-25 
1.300700e+00   7.961084e-25 
1.303400e+00   7.858304e-25 
1.306100e+00   7.756781e-25 
1.308900e+00   7.652939e-25 
1.311600e+00   7.554226e-25 
1.314300e+00   7.456922e-25 
1.317000e+00   7.361013e-25 
1.319700e+00   7.266501e-25 
1.322500e+00   7.169933e-25 
1.352200e+00   6.230784e-25 
1.327900e+00   6.987806e-25 
1.330600e+00   6.898712e-25 
1.333300e+00   6.810921e-25 
1.336100e+00   6.721211e-25 
1.338800e+00   6.635987e-25 
1.341500e+00   6.551985e-25 
1.344200e+00   6.469188e-25 
1.346900e+00   6.387590e-25 
1.349700e+00   6.304198e-25 
1.352400e+00   6.224958e-25 
1.355100e+00   6.146845e-25 
1.357800e+00   6.069842e-25 
1.360600e+00   5.991149e-25 
1.363300e+00   5.916362e-25 
1.366000e+00   5.842640e-25 
1.368700e+00   5.769953e-25 
1.371400e+00   5.698300e-25 
1.374200e+00   5.625060e-25 
1.376900e+00   5.555447e-25 
1.379600e+00   5.486813e-25 
1.382300e+00   5.419141e-25 
1.385000e+00   5.352420e-25 
1.387800e+00   5.284209e-25 
1.390500e+00   5.219375e-25 
1.393200e+00   5.155444e-25 
1.395900e+00   5.092401e-25 
1.398700e+00   5.027951e-25 
1.401400e+00   4.966679e-25 
1.404100e+00   4.906259e-25 
1.406800e+00   4.846677e-25 
1.409500e+00   4.787916e-25 
1.412300e+00   4.727834e-25 
1.415000e+00   4.670711e-25 
1.417700e+00   4.614374e-25 
1.420400e+00   4.558809e-25 
1.423100e+00   4.504010e-25 
1.425900e+00   4.447968e-25 
1.428600e+00   4.394682e-25 
1.431300e+00   4.342121e-25 
1.434000e+00   4.290278e-25 
1.436700e+00   4.239138e-25 
1.439500e+00   4.186839e-25 
1.442200e+00   4.137099e-25 
1.444900e+00   4.088040e-25 
1.447600e+00   4.039637e-25 
1.450400e+00   3.990135e-25 
1.453100e+00   3.943054e-25 
1.455800e+00   2.267770e-24 
1.458500e+00   2.259418e-24 
1.461200e+00   2.243835e-24 
1.464000e+00   2.223487e-24 
1.466700e+00   2.201819e-24 
1.469400e+00   2.179183e-24 
1.472100e+00   2.156126e-24 
1.474800e+00   2.132954e-24 
1.477600e+00   2.108986e-24 
1.480300e+00   2.086032e-24 
1.483000e+00   2.063288e-24 
1.485700e+00   2.040782e-24 
1.488400e+00   2.018531e-24 
1.491200e+00   1.995729e-24 
1.493900e+00   1.974010e-24 
1.496600e+00   1.952551e-24 
1.523800e+00   1.746798e-24 
1.551000e+00   1.567254e-24 
1.578200e+00   1.407664e-24 
1.605500e+00   1.265301e-24 
1.632700e+00   1.139188e-24 
1.823100e+00   5.660609e-25 
2.040800e+00   2.704830e-25 
2.176900e+00   1.763642e-25 
2.340200e+00   1.083831e-25 
2.530600e+00   6.217617e-26 
2.829900e+00   2.807976e-26 
3.047600e+00   1.570034e-26 
3.401400e+00   6.376924e-27 
3.700700e+00   2.971920e-27 
4.000000e+00   1.375901e-27 
4.299300e+00   6.280082e-28 
4.680300e+00   2.343703e-28 
5.006800e+00   7.850017e-29 
