9.523900e-02   1.210350e-20 
9.796000e-02   1.051591e-20 
1.006800e-01   9.153905e-21 
1.034000e-01   7.982738e-21 
1.061200e-01   6.973781e-21 
1.088400e-01   6.102968e-21 
1.115700e-01   5.347452e-21 
1.142900e-01   4.695626e-21 
1.170100e-01   4.130062e-21 
1.197300e-01   3.638525e-21 
1.224500e-01   3.210620e-21 
1.251700e-01   2.837517e-21 
1.278900e-01   2.511685e-21 
1.306100e-01   2.226701e-21 
1.333300e-01   1.977069e-21 
1.360600e-01   1.757329e-21 
1.469400e-01   5.911859e-21 
1.496600e-01   5.512925e-21 
1.523800e-01   5.122445e-21 
1.551000e-01   4.753147e-21 
1.578200e-01   4.408772e-21 
1.605500e-01   4.088494e-21 
1.632700e-01   3.793599e-21 
1.659900e-01   3.521328e-21 
1.687100e-01   3.269992e-21 
1.714300e-01   3.037938e-21 
1.741500e-01   2.823595e-21 
1.768700e-01   2.625512e-21 
1.795900e-01   2.442348e-21 
1.823100e-01   2.272884e-21 
1.850400e-01   2.115454e-21 
1.877600e-01   1.970188e-21 
1.904800e-01   1.835566e-21 
1.933200e-01   1.705447e-21 
1.959200e-01   1.594944e-21 
1.986400e-01   1.487472e-21 
2.040800e-01   1.883764e-21 
2.068000e-01   1.777134e-21 
2.095300e-01   1.676140e-21 
2.122500e-01   1.581660e-21 
2.149700e-01   1.493061e-21 
2.176900e-01   1.409982e-21 
2.204100e-01   1.332049e-21 
2.231300e-01   1.258901e-21 
2.258500e-01   1.190200e-21 
2.285700e-01   1.125637e-21 
2.312900e-01   1.064925e-21 
2.340200e-01   1.007598e-21 
2.367400e-01   9.538353e-22 
2.394600e-01   9.031969e-22 
2.421800e-01   8.554787e-22 
2.449000e-01   8.104901e-22 
2.476200e-01   7.680596e-22 
2.503400e-01   7.280236e-22 
2.530600e-01   6.902309e-22 
2.557800e-01   6.545451e-22 
2.585100e-01   6.207153e-22 
2.612300e-01   5.888682e-22 
2.639500e-01   5.587655e-22 
2.666700e-01   5.303017e-22 
2.693900e-01   5.033801e-22 
2.721100e-01   4.779099e-22 
2.857200e-01   3.694730e-22 
2.993200e-01   2.867441e-22 
3.129300e-01   2.232075e-22 
3.265300e-01   1.742665e-22 
3.401400e-01   1.363693e-22 
3.537400e-01   1.069684e-22 
3.673500e-01   8.405745e-23 
3.809500e-01   6.618327e-23 
3.945600e-01   5.218414e-23 
4.081700e-01   4.120531e-23 
4.217700e-01   3.258380e-23 
4.353800e-01   2.579109e-23 
4.489800e-01   2.043828e-23 
4.625900e-01   1.620747e-23 
4.761900e-01   1.286384e-23 
4.898000e-01   1.021411e-23 
5.034000e-01   8.114987e-24 
5.170100e-01   6.447976e-24 
5.306100e-01   5.124920e-24 
5.578300e-01   3.235493e-24 
5.714300e-01   2.569974e-24 
5.850400e-01   2.039823e-24 
5.986400e-01   1.618033e-24 
6.122500e-01   1.281971e-24 
6.258500e-01   1.014618e-24 
6.394600e-01   8.016931e-25 
6.530600e-01   6.324465e-25 
6.666700e-01   4.978045e-25 
6.802800e-01   3.908777e-25 
6.938800e-01   3.061173e-25 
7.074900e-01   2.389253e-25 
7.210900e-01   1.858234e-25 
7.347000e-01   1.438825e-25 
7.483000e-01   1.108928e-25 
7.619100e-01   8.497112e-26 
7.755100e-01   6.470396e-26 
7.891200e-01   4.889976e-26 
8.027200e-01   3.664453e-26 
8.163300e-01   2.718217e-26 
8.299400e-01   1.993013e-26 
8.435400e-01   1.441332e-26 
8.571500e-01   1.024991e-26 
8.707500e-01   7.147879e-27 
8.843600e-01   4.862257e-27 
8.979600e-01   3.207058e-27 
9.115700e-01   2.033198e-27 
9.251700e-01   1.223657e-27 
9.387800e-01   6.848448e-28 
9.523900e-01   3.442560e-28 
9.659900e-01   1.462241e-28 
9.796000e-01   4.488478e-29 
9.932000e-01   5.917930e-30 
1.006800e+00   0.000000e+00 
1.020400e+00   0.000000e+00 
1.034000e+00   0.000000e+00 
1.047600e+00   0.000000e+00 
1.061200e+00   0.000000e+00 
1.074800e+00   0.000000e+00 
1.088400e+00   0.000000e+00 
1.102000e+00   0.000000e+00 
1.115700e+00   0.000000e+00 
1.129300e+00   0.000000e+00 
1.142900e+00   0.000000e+00 
1.156500e+00   0.000000e+00 
1.170100e+00   0.000000e+00 
1.183700e+00   0.000000e+00 
1.197300e+00   0.000000e+00 
1.210900e+00   0.000000e+00 
1.224500e+00   0.000000e+00 
1.227200e+00   0.000000e+00 
1.229900e+00   0.000000e+00 
1.232700e+00   0.000000e+00 
1.235400e+00   0.000000e+00 
1.238100e+00   0.000000e+00 
1.240800e+00   0.000000e+00 
1.243500e+00   0.000000e+00 
1.246300e+00   0.000000e+00 
1.249000e+00   0.000000e+00 
1.257200e+00   0.000000e+00 
1.259900e+00   0.000000e+00 
1.262600e+00   0.000000e+00 
1.265300e+00   0.000000e+00 
1.268000e+00   0.000000e+00 
1.270800e+00   0.000000e+00 
1.273500e+00   0.000000e+00 
1.276200e+00   0.000000e+00 
1.278900e+00   0.000000e+00 
1.281600e+00   0.000000e+00 
1.289800e+00   0.000000e+00 
1.292500e+00   0.000000e+00 
1.295200e+00   0.000000e+00 
1.298000e+00   0.000000e+00 
1.300700e+00   0.000000e+00 
1.303400e+00   0.000000e+00 
1.306100e+00   0.000000e+00 
1.308900e+00   0.000000e+00 
1.311600e+00   0.000000e+00 
1.314300e+00   0.000000e+00 
1.317000e+00   0.000000e+00 
1.319700e+00   0.000000e+00 
1.322500e+00   0.000000e+00 
1.352200e+00   0.000000e+00 
1.327900e+00   0.000000e+00 
1.330600e+00   0.000000e+00 
1.333300e+00   0.000000e+00 
1.336100e+00   0.000000e+00 
1.338800e+00   0.000000e+00 
1.341500e+00   0.000000e+00 
1.344200e+00   0.000000e+00 
1.346900e+00   0.000000e+00 
1.349700e+00   0.000000e+00 
1.352400e+00   0.000000e+00 
1.355100e+00   0.000000e+00 
1.357800e+00   0.000000e+00 
1.360600e+00   0.000000e+00 
1.363300e+00   0.000000e+00 
1.366000e+00   0.000000e+00 
1.368700e+00   0.000000e+00 
1.371400e+00   0.000000e+00 
1.374200e+00   0.000000e+00 
1.376900e+00   0.000000e+00 
1.379600e+00   0.000000e+00 
1.382300e+00   0.000000e+00 
1.385000e+00   0.000000e+00 
1.387800e+00   0.000000e+00 
1.390500e+00   0.000000e+00 
1.393200e+00   0.000000e+00 
1.395900e+00   0.000000e+00 
1.398700e+00   0.000000e+00 
1.401400e+00   0.000000e+00 
1.404100e+00   0.000000e+00 
1.406800e+00   0.000000e+00 
1.409500e+00   0.000000e+00 
1.412300e+00   0.000000e+00 
1.415000e+00   0.000000e+00 
1.417700e+00   0.000000e+00 
1.420400e+00   0.000000e+00 
1.423100e+00   0.000000e+00 
1.425900e+00   0.000000e+00 
1.428600e+00   0.000000e+00 
1.431300e+00   0.000000e+00 
1.434000e+00   0.000000e+00 
1.436700e+00   0.000000e+00 
1.439500e+00   0.000000e+00 
1.442200e+00   0.000000e+00 
1.444900e+00   0.000000e+00 
1.447600e+00   0.000000e+00 
1.450400e+00   0.000000e+00 
1.453100e+00   0.000000e+00 
1.455800e+00   0.000000e+00 
1.458500e+00   0.000000e+00 
1.461200e+00   0.000000e+00 
1.464000e+00   0.000000e+00 
1.466700e+00   0.000000e+00 
1.469400e+00   0.000000e+00 
1.472100e+00   0.000000e+00 
1.474800e+00   0.000000e+00 
1.477600e+00   0.000000e+00 
1.480300e+00   0.000000e+00 
1.483000e+00   0.000000e+00 
1.485700e+00   0.000000e+00 
1.488400e+00   0.000000e+00 
1.491200e+00   0.000000e+00 
1.493900e+00   0.000000e+00 
1.496600e+00   0.000000e+00 
1.523800e+00   0.000000e+00 
1.551000e+00   0.000000e+00 
1.578200e+00   0.000000e+00 
1.605500e+00   0.000000e+00 
1.632700e+00   0.000000e+00 
1.823100e+00   0.000000e+00 
2.040800e+00   0.000000e+00 
2.176900e+00   0.000000e+00 
2.340200e+00   0.000000e+00 
2.530600e+00   0.000000e+00 
2.829900e+00   0.000000e+00 
3.047600e+00   0.000000e+00 
3.401400e+00   0.000000e+00 
3.700700e+00   0.000000e+00 
4.000000e+00   0.000000e+00 
4.299300e+00   0.000000e+00 
4.680300e+00   0.000000e+00 
5.006800e+00   0.000000e+00 
