9.523900e-02   1.752674e-20 
9.796000e-02   1.541421e-20 
1.006800e-01   1.358284e-20 
1.034000e-01   1.199149e-20 
1.061200e-01   1.060604e-20 
1.088400e-01   9.397602e-21 
1.115700e-01   8.337979e-21 
1.142900e-01   7.413991e-21 
1.170100e-01   6.603685e-21 
1.197300e-01   5.891855e-21 
1.224500e-01   5.265490e-21 
1.251700e-01   4.713427e-21 
1.278900e-01   4.226077e-21 
1.306100e-01   3.795183e-21 
1.333300e-01   3.413625e-21 
1.360600e-01   3.074081e-21 
1.469400e-01   1.066976e-20 
1.496600e-01   1.007572e-20 
1.523800e-01   9.481113e-21 
1.551000e-01   8.909917e-21 
1.578200e-01   8.370335e-21 
1.605500e-01   7.862550e-21 
1.632700e-01   7.389729e-21 
1.659900e-01   6.948362e-21 
1.687100e-01   6.536485e-21 
1.714300e-01   6.152057e-21 
1.741500e-01   5.793092e-21 
1.768700e-01   5.457718e-21 
1.795900e-01   5.144179e-21 
1.823100e-01   4.850879e-21 
1.850400e-01   4.575354e-21 
1.877600e-01   4.318256e-21 
1.904800e-01   4.077299e-21 
1.933200e-01   3.841697e-21 
1.959200e-01   3.639318e-21 
1.986400e-01   3.440276e-21 
2.040800e-01   4.544476e-21 
2.068000e-01   4.347121e-21 
2.095300e-01   4.157534e-21 
2.122500e-01   3.978030e-21 
2.149700e-01   3.807806e-21 
2.176900e-01   3.646441e-21 
2.204100e-01   3.493425e-21 
2.231300e-01   3.348242e-21 
2.258500e-01   3.210399e-21 
2.285700e-01   3.079433e-21 
2.312900e-01   2.954916e-21 
2.340200e-01   2.836021e-21 
2.367400e-01   2.723262e-21 
2.394600e-01   2.615849e-21 
2.421800e-01   2.513469e-21 
2.449000e-01   2.415840e-21 
2.476200e-01   2.322691e-21 
2.503400e-01   2.233770e-21 
2.530600e-01   2.148850e-21 
2.557800e-01   2.067713e-21 
2.585100e-01   1.989876e-21 
2.612300e-01   1.915723e-21 
2.639500e-01   1.844786e-21 
2.666700e-01   1.776901e-21 
2.693900e-01   1.711911e-21 
2.721100e-01   1.649671e-21 
2.857200e-01   1.375036e-21 
2.993200e-01   1.151943e-21 
3.129300e-01   9.692444e-22 
3.265300e-01   8.189727e-22 
3.401400e-01   6.945541e-22 
3.537400e-01   5.912127e-22 
3.673500e-01   5.048838e-22 
3.809500e-01   4.325895e-22 
3.945600e-01   3.717400e-22 
4.081700e-01   3.203849e-22 
4.217700e-01   2.769319e-22 
4.353800e-01   2.399953e-22 
4.489800e-01   2.085515e-22 
4.625900e-01   1.816681e-22 
4.761900e-01   1.586535e-22 
4.898000e-01   1.388702e-22 
5.034000e-01   1.218443e-22 
5.170100e-01   1.071352e-22 
5.306100e-01   9.441499e-23 
5.578300e-01   7.377262e-23 
5.714300e-01   6.541358e-23 
5.850400e-01   5.810779e-23 
5.986400e-01   5.172038e-23 
6.122500e-01   4.611523e-23 
6.258500e-01   4.119406e-23 
6.394600e-01   3.685881e-23 
6.530600e-01   3.303794e-23 
6.666700e-01   2.965836e-23 
6.802800e-01   2.666787e-23 
6.938800e-01   2.401790e-23 
7.074900e-01   2.166245e-23 
7.210900e-01   1.956823e-23 
7.347000e-01   1.770047e-23 
7.483000e-01   1.603462e-23 
7.619100e-01   1.454429e-23 
7.755100e-01   1.321008e-23 
7.891200e-01   1.201373e-23 
8.027200e-01   1.094026e-23 
8.163300e-01   9.974314e-24 
8.299400e-01   9.104603e-24 
8.435400e-01   8.321010e-24 
8.571500e-01   7.613064e-24 
8.707500e-01   6.973582e-24 
8.843600e-01   6.393598e-24 
8.979600e-01   5.869161e-24 
9.115700e-01   5.393006e-24 
9.251700e-01   4.960813e-24 
9.387800e-01   4.567514e-24 
9.523900e-01   4.209481e-24 
9.659900e-01   3.883415e-24 
9.796000e-01   3.585723e-24 
9.932000e-01   3.314046e-24 
1.006800e+00   3.064942e-24 
1.020400e+00   2.837665e-24 
1.034000e+00   2.629470e-24 
1.047600e+00   2.438569e-24 
1.061200e+00   2.263364e-24 
1.074800e+00   2.102416e-24 
1.088400e+00   1.954431e-24 
1.102000e+00   1.818248e-24 
1.115700e+00   1.691927e-24 
1.129300e+00   1.575686e-24 
1.142900e+00   1.469100e-24 
1.156500e+00   1.370685e-24 
1.170100e+00   1.279740e-24 
1.183700e+00   1.195634e-24 
1.197300e+00   1.117794e-24 
1.210900e+00   1.045697e-24 
1.224500e+00   9.788699e-25 
1.227200e+00   9.661924e-25 
1.229900e+00   9.537013e-25 
1.232700e+00   9.409431e-25 
1.235400e+00   9.288256e-25 
1.238100e+00   9.168849e-25 
1.240800e+00   9.051210e-25 
1.243500e+00   8.935284e-25 
1.246300e+00   8.816860e-25 
1.249000e+00   8.704355e-25 
1.257200e+00   9.375829e-25 
1.259900e+00   9.261014e-25 
1.262600e+00   9.144229e-25 
1.265300e+00   9.027225e-25 
1.268000e+00   8.910905e-25 
1.270800e+00   8.791512e-25 
1.273500e+00   8.671499e-25 
1.276200e+00   8.559373e-25 
1.278900e+00   8.448803e-25 
1.281600e+00   8.339822e-25 
1.289800e+00   8.936661e-25 
1.292500e+00   8.828023e-25 
1.295200e+00   8.717870e-25 
1.298000e+00   8.603610e-25 
1.300700e+00   8.494178e-25 
1.303400e+00   8.385859e-25 
1.306100e+00   8.278862e-25 
1.308900e+00   8.169398e-25 
1.311600e+00   8.065322e-25 
1.314300e+00   7.962725e-25 
1.317000e+00   7.861588e-25 
1.319700e+00   7.761905e-25 
1.322500e+00   7.660054e-25 
1.352200e+00   6.668698e-25 
1.327900e+00   7.467904e-25 
1.330600e+00   7.373895e-25 
1.333300e+00   7.281247e-25 
1.336100e+00   7.186558e-25 
1.338800e+00   7.096593e-25 
1.341500e+00   7.007907e-25 
1.344200e+00   6.920487e-25 
1.346900e+00   6.834313e-25 
1.349700e+00   6.746245e-25 
1.352400e+00   6.662542e-25 
1.355100e+00   6.580028e-25 
1.357800e+00   6.498668e-25 
1.360600e+00   6.415521e-25 
1.363300e+00   6.336486e-25 
1.366000e+00   6.258563e-25 
1.368700e+00   6.181726e-25 
1.371400e+00   6.105972e-25 
1.374200e+00   6.028533e-25 
1.376900e+00   5.954915e-25 
1.379600e+00   5.882331e-25 
1.382300e+00   5.810748e-25 
1.385000e+00   5.740163e-25 
1.387800e+00   5.667996e-25 
1.390500e+00   5.599394e-25 
1.393200e+00   5.531738e-25 
1.395900e+00   5.465009e-25 
1.398700e+00   5.396782e-25 
1.401400e+00   5.331918e-25 
1.404100e+00   5.267945e-25 
1.406800e+00   5.204845e-25 
1.409500e+00   5.142608e-25 
1.412300e+00   5.078970e-25 
1.415000e+00   5.018456e-25 
1.417700e+00   4.958765e-25 
1.420400e+00   4.899883e-25 
1.423100e+00   4.841807e-25 
1.425900e+00   4.782409e-25 
1.428600e+00   4.719674e-25 
1.431300e+00   4.664001e-25 
1.434000e+00   4.609071e-25 
1.436700e+00   4.554888e-25 
1.439500e+00   4.499466e-25 
1.442200e+00   4.446750e-25 
1.444900e+00   4.394746e-25 
1.447600e+00   4.343435e-25 
1.450400e+00   4.290952e-25 
1.453100e+00   4.241030e-25 
1.455800e+00   2.438479e-24 
1.458500e+00   2.429905e-24 
1.461200e+00   2.413550e-24 
1.464000e+00   2.392082e-24 
1.466700e+00   2.369174e-24 
1.469400e+00   2.345209e-24 
1.472100e+00   2.320791e-24 
1.474800e+00   2.296240e-24 
1.477600e+00   2.270839e-24 
1.480300e+00   2.246508e-24 
1.483000e+00   2.222392e-24 
1.485700e+00   2.198528e-24 
1.488400e+00   2.174930e-24 
1.491200e+00   2.150743e-24 
1.493900e+00   2.127705e-24 
1.496600e+00   2.104938e-24 
1.523800e+00   1.890092e-24 
1.551000e+00   1.698983e-24 
1.578200e+00   1.528606e-24 
1.605500e+00   1.376397e-24 
1.632700e+00   1.241370e-24 
1.823100e+00   6.219455e-25 
2.040800e+00   3.033630e-25 
2.176900e+00   1.977365e-25 
2.340200e+00   1.227161e-25 
2.530600e+00   7.258847e-26 
2.829900e+00   3.271488e-26 
3.047600e+00   1.850220e-26 
3.401400e+00   7.663411e-27 
3.700700e+00   3.634772e-27 
4.000000e+00   1.902301e-27 
4.299300e+00   8.062961e-28 
4.680300e+00   3.133762e-28 
5.006800e+00   1.334734e-28 
