9.523900e-02   1.109452e-20 
9.796000e-02   9.610459e-21 
1.006800e-01   8.340502e-21 
1.034000e-01   7.251275e-21 
1.061200e-01   6.315322e-21 
1.088400e-01   5.509607e-21 
1.115700e-01   4.812395e-21 
1.142900e-01   4.212454e-21 
1.170100e-01   3.693286e-21 
1.197300e-01   3.243269e-21 
1.224500e-01   2.852558e-21 
1.251700e-01   2.512805e-21 
1.278900e-01   2.216903e-21 
1.306100e-01   1.958801e-21 
1.333300e-01   1.733342e-21 
1.360600e-01   1.535428e-21 
1.469400e-01   5.097251e-21 
1.496600e-01   4.737836e-21 
1.523800e-01   4.387753e-21 
1.551000e-01   4.057880e-21 
1.578200e-01   3.751262e-21 
1.605500e-01   3.466963e-21 
1.632700e-01   3.205972e-21 
1.659900e-01   2.965699e-21 
1.687100e-01   2.744550e-21 
1.714300e-01   2.540962e-21 
1.741500e-01   2.353467e-21 
1.768700e-01   2.180703e-21 
1.795900e-01   2.021428e-21 
1.823100e-01   1.874509e-21 
1.850400e-01   1.738433e-21 
1.877600e-01   1.613256e-21 
1.904800e-01   1.497605e-21 
1.933200e-01   1.386177e-21 
1.959200e-01   1.291841e-21 
1.986400e-01   1.200374e-21 
2.040800e-01   1.492502e-21 
2.068000e-01   1.402466e-21 
2.095300e-01   1.317530e-21 
2.122500e-01   1.238356e-21 
2.149700e-01   1.164358e-21 
2.176900e-01   1.095198e-21 
2.204100e-01   1.030533e-21 
2.231300e-01   9.700376e-22 
2.258500e-01   9.134083e-22 
2.285700e-01   8.603668e-22 
2.312900e-01   8.106561e-22 
2.340200e-01   7.638761e-22 
2.367400e-01   7.201527e-22 
2.394600e-01   6.791121e-22 
2.421800e-01   6.405716e-22 
2.449000e-01   6.043626e-22 
2.476200e-01   5.703310e-22 
2.503400e-01   5.383330e-22 
2.530600e-01   5.082357e-22 
2.557800e-01   4.799171e-22 
2.585100e-01   4.531676e-22 
2.612300e-01   4.280766e-22 
2.639500e-01   4.044466e-22 
2.666700e-01   3.821850e-22 
2.693900e-01   3.612069e-22 
2.721100e-01   3.414328e-22 
2.857200e-01   2.581563e-22 
2.993200e-01   1.958304e-22 
3.129300e-01   1.488985e-22 
3.265300e-01   1.134749e-22 
3.401400e-01   8.661098e-23 
3.537400e-01   6.621368e-23 
3.673500e-01   5.066725e-23 
3.809500e-01   3.881196e-23 
3.945600e-01   2.974328e-23 
4.081700e-01   2.280188e-23 
4.217700e-01   1.748620e-23 
4.353800e-01   1.340553e-23 
4.489800e-01   1.027535e-23 
4.625900e-01   7.869442e-24 
4.761900e-01   6.022499e-24 
4.898000e-01   4.602433e-24 
5.034000e-01   3.512323e-24 
5.170100e-01   2.674737e-24 
5.306100e-01   2.032525e-24 
5.578300e-01   1.162810e-24 
5.714300e-01   8.748360e-25 
5.850400e-01   6.550591e-25 
5.986400e-01   4.879982e-25 
6.122500e-01   3.612180e-25 
6.258500e-01   2.655074e-25 
6.394600e-01   1.934620e-25 
6.530600e-01   1.395876e-25 
6.666700e-01   9.950216e-26 
6.802800e-01   6.993060e-26 
6.938800e-01   4.833040e-26 
7.074900e-01   3.270321e-26 
7.210900e-01   2.156978e-26 
7.347000e-01   1.376379e-26 
7.483000e-01   8.417746e-27 
7.619100e-01   4.860791e-27 
7.755100e-01   2.589379e-27 
7.891200e-01   1.220852e-27 
8.027200e-01   4.698876e-28 
8.163300e-01   1.195483e-28 
8.299400e-01   8.212026e-30 
8.435400e-01   0.000000e+00 
8.571500e-01   0.000000e+00 
8.707500e-01   0.000000e+00 
8.843600e-01   0.000000e+00 
8.979600e-01   0.000000e+00 
9.115700e-01   0.000000e+00 
9.251700e-01   0.000000e+00 
9.387800e-01   0.000000e+00 
9.523900e-01   0.000000e+00 
9.659900e-01   0.000000e+00 
9.796000e-01   0.000000e+00 
9.932000e-01   0.000000e+00 
1.006800e+00   0.000000e+00 
1.020400e+00   0.000000e+00 
1.034000e+00   0.000000e+00 
1.047600e+00   0.000000e+00 
1.061200e+00   0.000000e+00 
1.074800e+00   0.000000e+00 
1.088400e+00   0.000000e+00 
1.102000e+00   0.000000e+00 
1.115700e+00   0.000000e+00 
1.129300e+00   0.000000e+00 
1.142900e+00   0.000000e+00 
1.156500e+00   0.000000e+00 
1.170100e+00   0.000000e+00 
1.183700e+00   0.000000e+00 
1.197300e+00   0.000000e+00 
1.210900e+00   0.000000e+00 
1.224500e+00   0.000000e+00 
1.227200e+00   0.000000e+00 
1.229900e+00   0.000000e+00 
1.232700e+00   0.000000e+00 
1.235400e+00   0.000000e+00 
1.238100e+00   0.000000e+00 
1.240800e+00   0.000000e+00 
1.243500e+00   0.000000e+00 
1.246300e+00   0.000000e+00 
1.249000e+00   0.000000e+00 
1.257200e+00   0.000000e+00 
1.259900e+00   0.000000e+00 
1.262600e+00   0.000000e+00 
1.265300e+00   0.000000e+00 
1.268000e+00   0.000000e+00 
1.270800e+00   0.000000e+00 
1.273500e+00   0.000000e+00 
1.276200e+00   0.000000e+00 
1.278900e+00   0.000000e+00 
1.281600e+00   0.000000e+00 
1.289800e+00   0.000000e+00 
1.292500e+00   0.000000e+00 
1.295200e+00   0.000000e+00 
1.298000e+00   0.000000e+00 
1.300700e+00   0.000000e+00 
1.303400e+00   0.000000e+00 
1.306100e+00   0.000000e+00 
1.308900e+00   0.000000e+00 
1.311600e+00   0.000000e+00 
1.314300e+00   0.000000e+00 
1.317000e+00   0.000000e+00 
1.319700e+00   0.000000e+00 
1.322500e+00   0.000000e+00 
1.352200e+00   0.000000e+00 
1.327900e+00   0.000000e+00 
1.330600e+00   0.000000e+00 
1.333300e+00   0.000000e+00 
1.336100e+00   0.000000e+00 
1.338800e+00   0.000000e+00 
1.341500e+00   0.000000e+00 
1.344200e+00   0.000000e+00 
1.346900e+00   0.000000e+00 
1.349700e+00   0.000000e+00 
1.352400e+00   0.000000e+00 
1.355100e+00   0.000000e+00 
1.357800e+00   0.000000e+00 
1.360600e+00   0.000000e+00 
1.363300e+00   0.000000e+00 
1.366000e+00   0.000000e+00 
1.368700e+00   0.000000e+00 
1.371400e+00   0.000000e+00 
1.374200e+00   0.000000e+00 
1.376900e+00   0.000000e+00 
1.379600e+00   0.000000e+00 
1.382300e+00   0.000000e+00 
1.385000e+00   0.000000e+00 
1.387800e+00   0.000000e+00 
1.390500e+00   0.000000e+00 
1.393200e+00   0.000000e+00 
1.395900e+00   0.000000e+00 
1.398700e+00   0.000000e+00 
1.401400e+00   0.000000e+00 
1.404100e+00   0.000000e+00 
1.406800e+00   0.000000e+00 
1.409500e+00   0.000000e+00 
1.412300e+00   0.000000e+00 
1.415000e+00   0.000000e+00 
1.417700e+00   0.000000e+00 
1.420400e+00   0.000000e+00 
1.423100e+00   0.000000e+00 
1.425900e+00   0.000000e+00 
1.428600e+00   0.000000e+00 
1.431300e+00   0.000000e+00 
1.434000e+00   0.000000e+00 
1.436700e+00   0.000000e+00 
1.439500e+00   0.000000e+00 
1.442200e+00   0.000000e+00 
1.444900e+00   0.000000e+00 
1.447600e+00   0.000000e+00 
1.450400e+00   0.000000e+00 
1.453100e+00   0.000000e+00 
1.455800e+00   0.000000e+00 
1.458500e+00   0.000000e+00 
1.461200e+00   0.000000e+00 
1.464000e+00   0.000000e+00 
1.466700e+00   0.000000e+00 
1.469400e+00   0.000000e+00 
1.472100e+00   0.000000e+00 
1.474800e+00   0.000000e+00 
1.477600e+00   0.000000e+00 
1.480300e+00   0.000000e+00 
1.483000e+00   0.000000e+00 
1.485700e+00   0.000000e+00 
1.488400e+00   0.000000e+00 
1.491200e+00   0.000000e+00 
1.493900e+00   0.000000e+00 
1.496600e+00   0.000000e+00 
1.523800e+00   0.000000e+00 
1.551000e+00   0.000000e+00 
1.578200e+00   0.000000e+00 
1.605500e+00   0.000000e+00 
1.632700e+00   0.000000e+00 
1.823100e+00   0.000000e+00 
2.040800e+00   0.000000e+00 
2.176900e+00   0.000000e+00 
2.340200e+00   0.000000e+00 
2.530600e+00   0.000000e+00 
2.829900e+00   0.000000e+00 
3.047600e+00   0.000000e+00 
3.401400e+00   0.000000e+00 
3.700700e+00   0.000000e+00 
4.000000e+00   0.000000e+00 
4.299300e+00   0.000000e+00 
4.680300e+00   0.000000e+00 
5.006800e+00   0.000000e+00 
