9.523900e-02   1.792104e-20 
9.796000e-02   1.577199e-20 
1.006800e-01   1.390782e-20 
1.034000e-01   1.228697e-20 
1.061200e-01   1.087500e-20 
1.088400e-01   9.642654e-21 
1.115700e-01   8.561410e-21 
1.142900e-01   7.617989e-21 
1.170100e-01   6.790133e-21 
1.197300e-01   6.062442e-21 
1.224500e-01   5.421725e-21 
1.251700e-01   4.856667e-21 
1.278900e-01   4.357543e-21 
1.306100e-01   3.915965e-21 
1.333300e-01   3.524710e-21 
1.360600e-01   3.176322e-21 
1.469400e-01   1.102904e-20 
1.496600e-01   1.042210e-20 
1.523800e-01   9.813709e-21 
1.551000e-01   9.228712e-21 
1.578200e-01   8.675683e-21 
1.605500e-01   8.154910e-21 
1.632700e-01   7.669703e-21 
1.659900e-01   7.216501e-21 
1.687100e-01   6.793344e-21 
1.714300e-01   6.398165e-21 
1.741500e-01   6.028951e-21 
1.768700e-01   5.683802e-21 
1.795900e-01   5.360946e-21 
1.823100e-01   5.058755e-21 
1.850400e-01   4.774713e-21 
1.877600e-01   4.509517e-21 
1.904800e-01   4.260826e-21 
1.933200e-01   4.017517e-21 
1.959200e-01   3.808397e-21 
1.986400e-01   3.602605e-21 
2.040800e-01   4.758528e-21 
2.068000e-01   4.554831e-21 
2.095300e-01   4.359023e-21 
2.122500e-01   4.173530e-21 
2.149700e-01   3.997538e-21 
2.176900e-01   3.830624e-21 
2.204100e-01   3.672276e-21 
2.231300e-01   3.521960e-21 
2.258500e-01   3.379178e-21 
2.285700e-01   3.243453e-21 
2.312900e-01   3.114348e-21 
2.340200e-01   2.991012e-21 
2.367400e-01   2.873986e-21 
2.394600e-01   2.762450e-21 
2.421800e-01   2.656090e-21 
2.449000e-01   2.554615e-21 
2.476200e-01   2.457744e-21 
2.503400e-01   2.365228e-21 
2.530600e-01   2.276825e-21 
2.557800e-01   2.192318e-21 
2.585100e-01   2.111206e-21 
2.612300e-01   2.033892e-21 
2.639500e-01   1.959894e-21 
2.666700e-01   1.889041e-21 
2.693900e-01   1.821174e-21 
2.721100e-01   1.756143e-21 
2.857200e-01   1.468745e-21 
2.993200e-01   1.234644e-21 
3.129300e-01   1.042395e-21 
3.265300e-01   8.838199e-22 
3.401400e-01   7.521497e-22 
3.537400e-01   6.424674e-22 
3.673500e-01   5.505737e-22 
3.809500e-01   4.733923e-22 
3.945600e-01   4.082364e-22 
4.081700e-01   3.530828e-22 
4.217700e-01   3.062759e-22 
4.353800e-01   2.663684e-22 
4.489800e-01   2.322934e-22 
4.625900e-01   2.030720e-22 
4.761900e-01   1.779800e-22 
4.898000e-01   1.563452e-22 
5.034000e-01   1.376692e-22 
5.170100e-01   1.214855e-22 
5.306100e-01   1.074471e-22 
5.578300e-01   8.456356e-23 
5.714300e-01   7.525330e-23 
5.850400e-01   6.709104e-23 
5.986400e-01   5.993298e-23 
6.122500e-01   5.363232e-23 
6.258500e-01   4.808349e-23 
6.394600e-01   4.318020e-23 
6.530600e-01   3.884542e-23 
6.666700e-01   3.499933e-23 
6.802800e-01   3.158565e-23 
6.938800e-01   2.855135e-23 
7.074900e-01   2.584590e-23 
7.210900e-01   2.343310e-23 
7.347000e-01   2.127455e-23 
7.483000e-01   1.934338e-23 
7.619100e-01   1.761035e-23 
7.755100e-01   1.605393e-23 
7.891200e-01   1.465412e-23 
8.027200e-01   1.339417e-23 
8.163300e-01   1.225691e-23 
8.299400e-01   1.122976e-23 
8.435400e-01   1.030145e-23 
8.571500e-01   9.460152e-24 
8.707500e-01   8.697839e-24 
8.843600e-01   8.004200e-24 
8.979600e-01   7.375132e-24 
9.115700e-01   6.802191e-24 
9.251700e-01   6.280533e-24 
9.387800e-01   5.804328e-24 
9.523900e-01   5.369478e-24 
9.659900e-01   4.972205e-24 
9.796000e-01   4.608371e-24 
9.932000e-01   4.275281e-24 
1.006800e+00   3.968818e-24 
1.020400e+00   3.688421e-24 
1.034000e+00   3.430758e-24 
1.047600e+00   3.193756e-24 
1.061200e+00   2.975556e-24 
1.074800e+00   2.774479e-24 
1.088400e+00   2.589015e-24 
1.102000e+00   2.417802e-24 
1.115700e+00   2.258485e-24 
1.129300e+00   2.111322e-24 
1.142900e+00   1.976041e-24 
1.156500e+00   1.850735e-24 
1.170100e+00   1.734575e-24 
1.183700e+00   1.626808e-24 
1.197300e+00   1.526752e-24 
1.210900e+00   1.433784e-24 
1.224500e+00   1.347338e-24 
1.227200e+00   1.330906e-24 
1.229900e+00   1.314708e-24 
1.232700e+00   1.298150e-24 
1.235400e+00   1.282414e-24 
1.238100e+00   1.266900e-24 
1.240800e+00   1.251603e-24 
1.243500e+00   1.236522e-24 
1.246300e+00   1.221104e-24 
1.249000e+00   1.206449e-24 
1.257200e+00   1.305214e-24 
1.259900e+00   1.290234e-24 
1.262600e+00   1.274948e-24 
1.265300e+00   1.259600e-24 
1.268000e+00   1.244324e-24 
1.270800e+00   1.228628e-24 
1.273500e+00   1.212751e-24 
1.276200e+00   1.197986e-24 
1.278900e+00   1.183417e-24 
1.281600e+00   1.169048e-24 
1.289800e+00   1.256501e-24 
1.292500e+00   1.242182e-24 
1.295200e+00   1.227623e-24 
1.298000e+00   1.212497e-24 
1.300700e+00   1.197993e-24 
1.303400e+00   1.183623e-24 
1.306100e+00   1.169418e-24 
1.308900e+00   1.154873e-24 
1.311600e+00   1.141036e-24 
1.314300e+00   1.127385e-24 
1.317000e+00   1.113921e-24 
1.319700e+00   1.100642e-24 
1.322500e+00   1.087065e-24 
1.352200e+00   9.544202e-25 
1.327900e+00   1.061426e-24 
1.330600e+00   1.048870e-24 
1.333300e+00   1.036488e-24 
1.336100e+00   1.023826e-24 
1.338800e+00   1.011787e-24 
1.341500e+00   9.999122e-25 
1.344200e+00   9.881987e-25 
1.346900e+00   9.766448e-25 
1.349700e+00   9.648294e-25 
1.352400e+00   9.535931e-25 
1.355100e+00   9.425080e-25 
1.357800e+00   9.315733e-25 
1.360600e+00   9.203892e-25 
1.363300e+00   9.097519e-25 
1.366000e+00   8.992571e-25 
1.368700e+00   8.889031e-25 
1.371400e+00   8.786875e-25 
1.374200e+00   8.682378e-25 
1.376900e+00   8.582988e-25 
1.379600e+00   8.484909e-25 
1.382300e+00   8.388139e-25 
1.385000e+00   8.292651e-25 
1.387800e+00   8.194963e-25 
1.390500e+00   8.102032e-25 
1.393200e+00   8.010321e-25 
1.395900e+00   7.919830e-25 
1.398700e+00   7.827233e-25 
1.401400e+00   7.739144e-25 
1.404100e+00   7.652206e-25 
1.406800e+00   7.566403e-25 
1.409500e+00   7.481730e-25 
1.412300e+00   7.395077e-25 
1.415000e+00   7.312636e-25 
1.417700e+00   7.231263e-25 
1.420400e+00   7.150942e-25 
1.423100e+00   7.071665e-25 
1.425900e+00   6.990531e-25 
1.428600e+00   6.903927e-25 
1.431300e+00   6.827777e-25 
1.434000e+00   6.752606e-25 
1.436700e+00   6.678407e-25 
1.439500e+00   6.602462e-25 
1.442200e+00   6.530184e-25 
1.444900e+00   6.458831e-25 
1.447600e+00   6.388385e-25 
1.450400e+00   6.316282e-25 
1.453100e+00   6.247656e-25 
1.455800e+00   3.585897e-24 
1.458500e+00   3.576043e-24 
1.461200e+00   3.554728e-24 
1.464000e+00   3.525955e-24 
1.466700e+00   3.494915e-24 
1.469400e+00   3.462269e-24 
1.472100e+00   3.428902e-24 
1.474800e+00   3.395292e-24 
1.477600e+00   3.360463e-24 
1.480300e+00   3.327065e-24 
1.483000e+00   3.293937e-24 
1.485700e+00   3.261125e-24 
1.488400e+00   3.228657e-24 
1.491200e+00   3.195358e-24 
1.493900e+00   3.163614e-24 
1.496600e+00   3.132227e-24 
1.523800e+00   2.834930e-24 
1.551000e+00   2.568772e-24 
1.578200e+00   2.330204e-24 
1.605500e+00   2.110302e-24 
1.632700e+00   1.918956e-24 
1.823100e+00   1.019438e-24 
2.040800e+00   5.301226e-25 
2.176900e+00   3.617144e-25 
2.340200e+00   2.344272e-25 
2.530600e+00   1.484947e-25 
2.829900e+00   7.324193e-26 
3.047600e+00   4.543564e-26 
3.401400e+00   2.111927e-26 
3.700700e+00   1.172030e-26 
4.000000e+00   6.086231e-27 
4.299300e+00   3.454656e-27 
4.680300e+00   1.557384e-27 
5.006800e+00   7.497782e-28 
