9.523900e-02   1.723434e-20 
9.796000e-02   1.514902e-20 
1.006800e-01   1.334207e-20 
1.034000e-01   1.177267e-20 
1.061200e-01   1.040697e-20 
1.088400e-01   9.216294e-21 
1.115700e-01   8.172747e-21 
1.142900e-01   7.263193e-21 
1.170100e-01   6.465917e-21 
1.197300e-01   5.765860e-21 
1.224500e-01   5.150143e-21 
1.251700e-01   4.607721e-21 
1.278900e-01   4.129100e-21 
1.306100e-01   3.706122e-21 
1.333300e-01   3.331746e-21 
1.360600e-01   2.998750e-21 
1.469400e-01   1.040389e-20 
1.496600e-01   9.819522e-21 
1.523800e-01   9.235241e-21 
1.551000e-01   8.674361e-21 
1.578200e-01   8.144823e-21 
1.605500e-01   7.646737e-21 
1.632700e-01   7.183166e-21 
1.659900e-01   6.750620e-21 
1.687100e-01   6.347155e-21 
1.714300e-01   5.970740e-21 
1.741500e-01   5.619409e-21 
1.768700e-01   5.291314e-21 
1.795900e-01   4.984714e-21 
1.823100e-01   4.698028e-21 
1.850400e-01   4.428834e-21 
1.877600e-01   4.177760e-21 
1.904800e-01   3.942548e-21 
1.933200e-01   3.712672e-21 
1.959200e-01   3.515302e-21 
1.986400e-01   3.321270e-21 
2.040800e-01   4.386566e-21 
2.068000e-01   4.193952e-21 
2.095300e-01   4.009010e-21 
2.122500e-01   3.833980e-21 
2.149700e-01   3.668061e-21 
2.176900e-01   3.510835e-21 
2.204100e-01   3.361798e-21 
2.231300e-01   3.220443e-21 
2.258500e-01   3.086287e-21 
2.285700e-01   2.958869e-21 
2.312900e-01   2.837771e-21 
2.340200e-01   2.722188e-21 
2.367400e-01   2.612609e-21 
2.394600e-01   2.508267e-21 
2.421800e-01   2.408854e-21 
2.449000e-01   2.314091e-21 
2.476200e-01   2.223711e-21 
2.503400e-01   2.137469e-21 
2.530600e-01   2.055141e-21 
2.557800e-01   1.976511e-21 
2.585100e-01   1.901110e-21 
2.612300e-01   1.829307e-21 
2.639500e-01   1.760647e-21 
2.666700e-01   1.694968e-21 
2.693900e-01   1.632116e-21 
2.721100e-01   1.571949e-21 
2.857200e-01   1.306786e-21 
2.993200e-01   1.091848e-21 
3.129300e-01   9.162129e-22 
3.265300e-01   7.720710e-22 
3.401400e-01   6.529958e-22 
3.537400e-01   5.543171e-22 
3.673500e-01   4.720726e-22 
3.809500e-01   4.033585e-22 
3.945600e-01   3.456569e-22 
4.081700e-01   2.970727e-22 
4.217700e-01   2.560615e-22 
4.353800e-01   2.212833e-22 
4.489800e-01   1.917476e-22 
4.625900e-01   1.665558e-22 
4.761900e-01   1.450412e-22 
4.898000e-01   1.265918e-22 
5.034000e-01   1.107526e-22 
5.170100e-01   9.710181e-23 
5.306100e-01   8.532551e-23 
5.578300e-01   6.628330e-23 
5.714300e-01   5.860128e-23 
5.850400e-01   5.190384e-23 
5.986400e-01   4.606264e-23 
6.122500e-01   4.094948e-23 
6.258500e-01   3.647143e-23 
6.394600e-01   3.253618e-23 
6.530600e-01   2.907659e-23 
6.666700e-01   2.602508e-23 
6.802800e-01   2.333072e-23 
6.938800e-01   2.094924e-23 
7.074900e-01   1.883770e-23 
7.210900e-01   1.696508e-23 
7.347000e-01   1.529923e-23 
7.483000e-01   1.381710e-23 
7.619100e-01   1.249456e-23 
7.755100e-01   1.131435e-23 
7.891200e-01   1.025804e-23 
8.027200e-01   9.312641e-24 
8.163300e-01   8.464140e-24 
8.299400e-01   7.702120e-24 
8.435400e-01   7.017322e-24 
8.571500e-01   6.400236e-24 
8.707500e-01   5.844271e-24 
8.843600e-01   5.342000e-24 
8.979600e-01   4.888382e-24 
9.115700e-01   4.477597e-24 
9.251700e-01   4.105705e-24 
9.387800e-01   3.768172e-24 
9.523900e-01   3.461707e-24 
9.659900e-01   3.183341e-24 
9.796000e-01   2.929867e-24 
9.932000e-01   2.699156e-24 
1.006800e+00   2.488265e-24 
1.020400e+00   2.296267e-24 
1.034000e+00   2.120854e-24 
1.047600e+00   1.960444e-24 
1.061200e+00   1.813616e-24 
1.074800e+00   1.679099e-24 
1.088400e+00   1.555747e-24 
1.102000e+00   1.442540e-24 
1.115700e+00   1.337819e-24 
1.129300e+00   1.242279e-24 
1.142900e+00   1.154372e-24 
1.156500e+00   1.073427e-24 
1.170100e+00   9.988302e-25 
1.183700e+00   9.300330e-25 
1.197300e+00   8.665343e-25 
1.210900e+00   8.078849e-25 
1.224500e+00   7.536735e-25 
1.227200e+00   7.434055e-25 
1.229900e+00   7.332955e-25 
1.232700e+00   7.229747e-25 
1.235400e+00   7.131766e-25 
1.238100e+00   7.035281e-25 
1.240800e+00   6.940272e-25 
1.243500e+00   6.846701e-25 
1.246300e+00   6.751164e-25 
1.249000e+00   6.660460e-25 
1.257200e+00   7.151782e-25 
1.259900e+00   7.059338e-25 
1.262600e+00   6.965525e-25 
1.265300e+00   6.871680e-25 
1.268000e+00   6.778492e-25 
1.270800e+00   6.682920e-25 
1.273500e+00   6.591964e-25 
1.276200e+00   6.502276e-25 
1.278900e+00   6.413904e-25 
1.281600e+00   6.326839e-25 
1.289800e+00   6.762779e-25 
1.292500e+00   6.675981e-25 
1.295200e+00   6.588167e-25 
1.298000e+00   6.497188e-25 
1.300700e+00   6.410140e-25 
1.303400e+00   6.324055e-25 
1.306100e+00   6.239068e-25 
1.308900e+00   6.152185e-25 
1.311600e+00   6.069627e-25 
1.314300e+00   5.988288e-25 
1.317000e+00   5.908153e-25 
1.319700e+00   5.829216e-25 
1.322500e+00   5.748605e-25 
1.352200e+00   4.966580e-25 
1.327900e+00   5.596652e-25 
1.330600e+00   5.522375e-25 
1.333300e+00   5.449218e-25 
1.336100e+00   5.374491e-25 
1.338800e+00   5.303523e-25 
1.341500e+00   5.233611e-25 
1.344200e+00   5.164739e-25 
1.346900e+00   5.096883e-25 
1.349700e+00   5.027568e-25 
1.352400e+00   4.961736e-25 
1.355100e+00   4.896868e-25 
1.357800e+00   4.832955e-25 
1.360600e+00   4.767662e-25 
1.363300e+00   4.705641e-25 
1.366000e+00   4.644522e-25 
1.368700e+00   4.584299e-25 
1.371400e+00   4.524951e-25 
1.374200e+00   4.464316e-25 
1.376900e+00   4.406714e-25 
1.379600e+00   4.349941e-25 
1.382300e+00   4.293993e-25 
1.385000e+00   4.238853e-25 
1.387800e+00   4.182511e-25 
1.390500e+00   4.128978e-25 
1.393200e+00   4.076213e-25 
1.395900e+00   4.024207e-25 
1.398700e+00   3.971063e-25 
1.401400e+00   3.920566e-25 
1.404100e+00   3.870787e-25 
1.406800e+00   3.821720e-25 
1.409500e+00   3.773358e-25 
1.412300e+00   3.723921e-25 
1.415000e+00   3.676949e-25 
1.417700e+00   3.630638e-25 
1.420400e+00   3.584982e-25 
1.423100e+00   3.539977e-25 
1.425900e+00   3.493972e-25 
1.428600e+00   3.450250e-25 
1.431300e+00   3.407140e-25 
1.434000e+00   3.364639e-25 
1.436700e+00   3.322731e-25 
1.439500e+00   3.279893e-25 
1.442200e+00   3.239176e-25 
1.444900e+00   3.199026e-25 
1.447600e+00   3.159433e-25 
1.450400e+00   3.118959e-25 
1.453100e+00   3.080483e-25 
1.455800e+00   1.772444e-24 
1.458500e+00   1.764959e-24 
1.461200e+00   1.751832e-24 
1.464000e+00   1.734965e-24 
1.466700e+00   1.717121e-24 
1.469400e+00   1.698537e-24 
1.472100e+00   1.679647e-24 
1.474800e+00   1.660685e-24 
1.477600e+00   1.641090e-24 
1.480300e+00   1.622339e-24 
1.483000e+00   1.603768e-24 
1.485700e+00   1.585404e-24 
1.488400e+00   1.567255e-24 
1.491200e+00   1.548667e-24 
1.493900e+00   1.530970e-24 
1.496600e+00   1.513493e-24 
1.523800e+00   1.349107e-24 
1.551000e+00   1.201548e-24 
1.578200e+00   1.073153e-24 
1.605500e+00   9.591618e-25 
1.632700e+00   8.586693e-25 
1.823100e+00   4.096728e-25 
2.040800e+00   1.865695e-25 
2.176900e+00   1.179113e-25 
2.340200e+00   6.972293e-26 
2.530600e+00   3.818820e-26 
2.829900e+00   1.597659e-26 
3.047600e+00   8.419861e-27 
3.401400e+00   3.078215e-27 
3.700700e+00   1.298585e-27 
4.000000e+00   5.368714e-28 
4.299300e+00   2.138688e-28 
4.680300e+00   6.419448e-29 
5.006800e+00   1.519924e-29 
