9.523900e-02   8.831428e-22 
9.796000e-02   7.100538e-22 
1.006800e-01   5.731246e-22 
1.034000e-01   4.643143e-22 
1.061200e-01   3.775051e-22 
1.088400e-01   3.079817e-22 
1.115700e-01   2.519119e-22 
1.142900e-01   2.068631e-22 
1.170100e-01   1.703943e-22 
1.197300e-01   1.407726e-22 
1.224500e-01   1.166349e-22 
1.251700e-01   9.690374e-23 
1.278900e-01   8.072678e-23 
1.306100e-01   6.742484e-23 
1.333300e-01   5.645594e-23 
1.360600e-01   4.735623e-23 
1.469400e-01   6.630549e-23 
1.496600e-01   5.919908e-23 
1.523800e-01   5.264870e-23 
1.551000e-01   4.677401e-23 
1.578200e-01   4.156547e-23 
1.605500e-01   3.695362e-23 
1.632700e-01   3.290669e-23 
1.659900e-01   2.934168e-23 
1.687100e-01   2.619895e-23 
1.714300e-01   2.342520e-23 
1.741500e-01   2.097380e-23 
1.768700e-01   1.880402e-23 
1.795900e-01   1.688060e-23 
1.823100e-01   1.517298e-23 
1.850400e-01   1.364944e-23 
1.877600e-01   1.229803e-23 
1.904800e-01   1.109299e-23 
1.933200e-01   9.972182e-24 
1.959200e-01   9.054807e-24 
1.986400e-01   8.193421e-24 
2.040800e-01   7.542158e-24 
2.068000e-01   6.872040e-24 
2.095300e-01   6.262086e-24 
2.122500e-01   5.713349e-24 
2.149700e-01   5.218292e-24 
2.176900e-01   4.771499e-24 
2.204100e-01   4.367943e-24 
2.231300e-01   4.003028e-24 
2.258500e-01   3.672649e-24 
2.285700e-01   3.373169e-24 
2.312900e-01   3.101357e-24 
2.340200e-01   2.853486e-24 
2.367400e-01   2.628825e-24 
2.394600e-01   2.424181e-24 
2.421800e-01   2.237546e-24 
2.449000e-01   2.067146e-24 
2.476200e-01   1.911393e-24 
2.503400e-01   1.768878e-24 
2.530600e-01   1.638341e-24 
2.557800e-01   1.518653e-24 
2.585100e-01   1.408418e-24 
2.612300e-01   1.307533e-24 
2.639500e-01   1.214764e-24 
2.666700e-01   1.129382e-24 
2.693900e-01   1.050729e-24 
2.721100e-01   9.782102e-25 
2.857200e-01   6.904671e-25 
2.993200e-01   4.945168e-25 
3.129300e-01   3.585791e-25 
3.265300e-01   2.629955e-25 
3.401400e-01   1.947909e-25 
3.537400e-01   1.456215e-25 
3.673500e-01   1.097453e-25 
3.809500e-01   8.335773e-26 
3.945600e-01   6.375123e-26 
4.081700e-01   4.907882e-26 
4.217700e-01   3.802506e-26 
4.353800e-01   2.962767e-26 
4.489800e-01   2.321680e-26 
4.625900e-01   1.828563e-26 
4.761900e-01   1.447652e-26 
4.898000e-01   1.151384e-26 
5.034000e-01   9.201094e-27 
5.170100e-01   7.384035e-27 
5.306100e-01   5.951844e-27 
5.578300e-01   3.912577e-27 
5.714300e-01   3.190985e-27 
5.850400e-01   2.611606e-27 
5.986400e-01   2.145285e-27 
6.122500e-01   1.767991e-27 
6.258500e-01   1.462070e-27 
6.394600e-01   1.212786e-27 
6.530600e-01   1.009260e-27 
6.666700e-01   8.422989e-28 
6.802800e-01   7.050098e-28 
6.938800e-01   5.918404e-28 
7.074900e-01   4.981391e-28 
7.210900e-01   4.204421e-28 
7.347000e-01   3.557380e-28 
7.483000e-01   3.017858e-28 
7.619100e-01   2.566113e-28 
7.755100e-01   2.187431e-28 
7.891200e-01   1.868736e-28 
8.027200e-01   1.600246e-28 
8.163300e-01   1.373179e-28 
8.299400e-01   1.180851e-28 
8.435400e-01   1.017677e-28 
8.571500e-01   8.787359e-29 
8.707500e-01   7.603409e-29 
8.843600e-01   6.590945e-29 
8.979600e-01   5.724611e-29 
9.115700e-01   4.980727e-29 
9.251700e-01   4.341704e-29 
9.387800e-01   3.790862e-29 
9.523900e-01   3.315557e-29 
9.659900e-01   2.904927e-29 
9.796000e-01   2.549046e-29 
9.932000e-01   2.240519e-29 
1.006800e+00   1.972376e-29 
1.020400e+00   1.738953e-29 
1.034000e+00   1.535417e-29 
1.047600e+00   1.357663e-29 
1.061200e+00   1.202185e-29 
1.074800e+00   1.065983e-29 
1.088400e+00   9.464901e-30 
1.102000e+00   8.415039e-30 
1.115700e+00   7.484936e-30 
1.129300e+00   6.671821e-30 
1.142900e+00   5.954423e-30 
1.156500e+00   5.320632e-30 
1.170100e+00   4.759941e-30 
1.183700e+00   4.263311e-30 
1.197300e+00   3.822868e-30 
1.210900e+00   3.431762e-30 
1.224500e+00   3.084063e-30 
1.227200e+00   3.019729e-30 
1.229900e+00   2.956863e-30 
1.232700e+00   2.893188e-30 
1.235400e+00   2.833204e-30 
1.238100e+00   2.774573e-30 
1.240800e+00   2.717269e-30 
1.243500e+00   2.661263e-30 
1.246300e+00   2.604511e-30 
1.249000e+00   2.551045e-30 
1.257200e+00   2.834772e-30 
1.259900e+00   2.778606e-30 
1.262600e+00   2.722155e-30 
1.265300e+00   2.666175e-30 
1.268000e+00   2.611049e-30 
1.270800e+00   2.554967e-30 
1.273500e+00   2.502013e-30 
1.276200e+00   2.450205e-30 
1.278900e+00   2.399535e-30 
1.281600e+00   2.349998e-30 
1.289800e+00   2.501225e-30 
1.292500e+00   2.451600e-30 
1.295200e+00   2.402131e-30 
1.298000e+00   2.351475e-30 
1.300700e+00   2.303476e-30 
1.303400e+00   2.256421e-30 
1.306100e+00   2.210341e-30 
1.308900e+00   2.163595e-30 
1.311600e+00   2.119522e-30 
1.314300e+00   2.076422e-30 
1.317000e+00   2.034277e-30 
1.319700e+00   1.993060e-30 
1.322500e+00   1.951278e-30 
1.352200e+00   1.562589e-30 
1.327900e+00   1.873385e-30 
1.330600e+00   1.835715e-30 
1.333300e+00   1.798883e-30 
1.336100e+00   1.761530e-30 
1.338800e+00   1.726312e-30 
1.341500e+00   1.691875e-30 
1.344200e+00   1.658180e-30 
1.346900e+00   1.625221e-30 
1.349700e+00   1.591796e-30 
1.352400e+00   1.560278e-30 
1.355100e+00   1.529437e-30 
1.357800e+00   1.499264e-30 
1.360600e+00   1.468666e-30 
1.363300e+00   1.439798e-30 
1.366000e+00   1.411555e-30 
1.368700e+00   1.383918e-30 
1.371400e+00   1.356870e-30 
1.374200e+00   1.329430e-30 
1.376900e+00   1.303552e-30 
1.379600e+00   1.278214e-30 
1.382300e+00   1.253421e-30 
1.385000e+00   1.229152e-30 
1.387800e+00   1.204524e-30 
1.390500e+00   1.181292e-30 
1.393200e+00   1.158541e-30 
1.395900e+00   1.136279e-30 
1.398700e+00   1.113680e-30 
1.401400e+00   1.092358e-30 
1.404100e+00   1.071482e-30 
1.406800e+00   1.051036e-30 
1.409500e+00   1.031024e-30 
1.412300e+00   1.010709e-30 
1.415000e+00   9.915364e-31 
1.417700e+00   9.727602e-31 
1.420400e+00   9.543731e-31 
1.423100e+00   9.363680e-31 
1.425900e+00   9.180874e-31 
1.428600e+00   9.008185e-31 
1.431300e+00   8.839150e-31 
1.434000e+00   8.673622e-31 
1.436700e+00   8.511444e-31 
1.439500e+00   8.346803e-31 
1.442200e+00   8.191335e-31 
1.444900e+00   8.039023e-31 
1.447600e+00   7.889843e-31 
1.450400e+00   7.738331e-31 
1.453100e+00   7.595216e-31 
1.455800e+00   4.088105e-30 
1.458500e+00   4.045246e-30 
1.461200e+00   3.990332e-30 
1.464000e+00   3.926945e-30 
1.466700e+00   3.863124e-30 
1.469400e+00   3.798433e-30 
1.472100e+00   3.733825e-30 
1.474800e+00   3.669785e-30 
1.477600e+00   3.604272e-30 
1.480300e+00   3.542111e-30 
1.483000e+00   3.481009e-30 
1.485700e+00   3.420997e-30 
1.488400e+00   3.362083e-30 
1.491200e+00   3.302136e-30 
1.493900e+00   3.245428e-30 
1.496600e+00   3.189777e-30 
1.523800e+00   2.683441e-30 
1.551000e+00   2.262756e-30 
1.578200e+00   1.912367e-30 
1.605500e+00   1.618972e-30 
1.632700e+00   1.374741e-30 
1.823100e+00   4.668923e-31 
2.040800e+00   1.536184e-31 
2.176900e+00   8.106597e-32 
2.340200e+00   3.950501e-32 
2.530600e+00   1.812629e-32 
2.829900e+00   5.892573e-33 
3.047600e+00   2.780819e-33 
3.401400e+00   8.947605e-34 
3.700700e+00   3.706692e-34 
4.000000e+00   1.565431e-34 
4.299300e+00   7.045437e-35 
4.680300e+00   2.536710e-35 
5.006800e+00   1.038459e-35 
