9.523900e-02   6.922226e-22 
9.796000e-02   5.521888e-22 
1.006800e-01   4.421959e-22 
1.034000e-01   3.554132e-22 
1.061200e-01   2.866724e-22 
1.088400e-01   2.320159e-22 
1.115700e-01   1.882542e-22 
1.142900e-01   1.533493e-22 
1.170100e-01   1.252975e-22 
1.197300e-01   1.026791e-22 
1.224500e-01   8.438266e-23 
1.251700e-01   6.953683e-23 
1.278900e-01   5.745500e-23 
1.306100e-01   4.759387e-23 
1.333300e-01   3.952305e-23 
1.360600e-01   3.287778e-23 
1.469400e-01   4.566085e-23 
1.496600e-01   4.046840e-23 
1.523800e-01   3.572463e-23 
1.551000e-01   3.150234e-23 
1.578200e-01   2.778510e-23 
1.605500e-01   2.451603e-23 
1.632700e-01   2.166639e-23 
1.659900e-01   1.917266e-23 
1.687100e-01   1.698875e-23 
1.714300e-01   1.507391e-23 
1.741500e-01   1.339278e-23 
1.768700e-01   1.191462e-23 
1.795900e-01   1.061302e-23 
1.823100e-01   9.465180e-24 
1.850400e-01   8.447958e-24 
1.877600e-01   7.551810e-24 
1.904800e-01   6.758150e-24 
1.933200e-01   6.025145e-24 
1.959200e-01   5.429310e-24 
1.986400e-01   4.873641e-24 
2.040800e-01   4.421338e-24 
2.068000e-01   3.997211e-24 
2.095300e-01   3.614370e-24 
2.122500e-01   3.272480e-24 
2.149700e-01   2.966150e-24 
2.176900e-01   2.691541e-24 
2.204100e-01   2.445126e-24 
2.231300e-01   2.223759e-24 
2.258500e-01   2.024643e-24 
2.285700e-01   1.845317e-24 
2.312900e-01   1.683609e-24 
2.340200e-01   1.537103e-24 
2.367400e-01   1.405178e-24 
2.394600e-01   1.285783e-24 
2.421800e-01   1.177607e-24 
2.449000e-01   1.079484e-24 
2.476200e-01   9.903814e-25 
2.503400e-01   9.093871e-25 
2.530600e-01   8.356854e-25 
2.557800e-01   7.685570e-25 
2.585100e-01   7.071386e-25 
2.612300e-01   6.513029e-25 
2.639500e-01   6.003036e-25 
2.666700e-01   5.536766e-25 
2.693900e-01   5.110131e-25 
2.721100e-01   4.719433e-25 
2.857200e-01   3.198881e-25 
2.993200e-01   2.198695e-25 
3.129300e-01   1.528974e-25 
3.265300e-01   1.074800e-25 
3.401400e-01   7.624726e-26 
3.537400e-01   5.456315e-26 
3.673500e-01   3.933738e-26 
3.809500e-01   2.856737e-26 
3.945600e-01   2.087635e-26 
4.081700e-01   1.534834e-26 
4.217700e-01   1.135055e-26 
4.353800e-01   8.436784e-27 
4.489800e-01   6.303806e-27 
4.625900e-01   4.731395e-27 
4.761900e-01   3.567903e-27 
4.898000e-01   2.701491e-27 
5.034000e-01   2.054235e-27 
5.170100e-01   1.567824e-27 
5.306100e-01   1.201280e-27 
5.578300e-01   7.124114e-28 
5.714300e-01   5.514604e-28 
5.850400e-01   4.281230e-28 
5.986400e-01   3.334325e-28 
6.122500e-01   2.603851e-28 
6.258500e-01   2.039368e-28 
6.394600e-01   1.601199e-28 
6.530600e-01   1.260584e-28 
6.666700e-01   9.946648e-29 
6.802800e-01   7.866715e-29 
6.938800e-01   6.236588e-29 
7.074900e-01   4.954087e-29 
7.210900e-01   3.943995e-29 
7.347000e-01   3.145428e-29 
7.483000e-01   2.513685e-29 
7.619100e-01   2.012028e-29 
7.755100e-01   1.613517e-29 
7.891200e-01   1.295793e-29 
8.027200e-01   1.042409e-29 
8.163300e-01   8.396566e-30 
8.299400e-01   6.772821e-30 
8.435400e-01   5.470893e-30 
8.571500e-01   4.424101e-30 
8.707500e-01   3.582222e-30 
8.843600e-01   2.903240e-30 
8.979600e-01   2.355683e-30 
9.115700e-01   1.912887e-30 
9.251700e-01   1.554872e-30 
9.387800e-01   1.264687e-30 
9.523900e-01   1.029378e-30 
9.659900e-01   8.385234e-31 
9.796000e-01   6.833313e-31 
9.932000e-01   5.572152e-31 
1.006800e+00   4.545546e-31 
1.020400e+00   3.709533e-31 
1.034000e+00   3.027853e-31 
1.047600e+00   2.471966e-31 
1.061200e+00   2.018302e-31 
1.074800e+00   1.647865e-31 
1.088400e+00   1.345343e-31 
1.102000e+00   1.098114e-31 
1.115700e+00   8.948116e-32 
1.129300e+00   7.299186e-32 
1.142900e+00   5.951600e-32 
1.156500e+00   4.849845e-32 
1.170100e+00   3.949132e-32 
1.183700e+00   3.213479e-32 
1.197300e+00   2.611886e-32 
1.210900e+00   2.121022e-32 
1.224500e+00   1.719950e-32 
1.227200e+00   1.649738e-32 
1.229900e+00   1.582151e-32 
1.232700e+00   1.514921e-32 
1.235400e+00   1.452734e-32 
1.238100e+00   1.393027e-32 
1.240800e+00   1.335732e-32 
1.243500e+00   1.280727e-32 
1.246300e+00   1.225894e-32 
1.249000e+00   1.175186e-32 
1.257200e+00   1.169992e-32 
1.259900e+00   1.121579e-32 
1.262600e+00   1.074691e-32 
1.265300e+00   1.029462e-32 
1.268000e+00   9.858618e-33 
1.270800e+00   9.424963e-33 
1.273500e+00   9.024615e-33 
1.276200e+00   8.640282e-33 
1.278900e+00   8.270952e-33 
1.281600e+00   7.917036e-33 
1.289800e+00   7.733120e-33 
1.292500e+00   7.403195e-33 
1.295200e+00   7.084828e-33 
1.298000e+00   6.766447e-33 
1.300700e+00   6.472533e-33 
1.303400e+00   6.190202e-33 
1.306100e+00   5.919902e-33 
1.308900e+00   5.650988e-33 
1.311600e+00   5.402472e-33 
1.314300e+00   5.163953e-33 
1.317000e+00   4.935681e-33 
1.319700e+00   4.717095e-33 
1.322500e+00   4.499792e-33 
1.352200e+00   2.707235e-33 
1.327900e+00   4.106785e-33 
1.330600e+00   3.922966e-33 
1.333300e+00   3.746778e-33 
1.336100e+00   3.572279e-33 
1.338800e+00   3.411163e-33 
1.341500e+00   3.256897e-33 
1.344200e+00   3.109397e-33 
1.346900e+00   2.967850e-33 
1.349700e+00   2.827421e-33 
1.352400e+00   2.698010e-33 
1.355100e+00   2.573890e-33 
1.357800e+00   2.455066e-33 
1.360600e+00   2.337504e-33 
1.363300e+00   2.228983e-33 
1.366000e+00   2.125474e-33 
1.368700e+00   2.026336e-33 
1.371400e+00   1.931493e-33 
1.374200e+00   1.837640e-33 
1.376900e+00   1.750861e-33 
1.379600e+00   1.668121e-33 
1.382300e+00   1.588794e-33 
1.385000e+00   1.512972e-33 
1.387800e+00   1.437959e-33 
1.390500e+00   1.368638e-33 
1.393200e+00   1.302602e-33 
1.395900e+00   1.239332e-33 
1.398700e+00   1.176822e-33 
1.401400e+00   1.119342e-33 
1.404100e+00   1.064578e-33 
1.406800e+00   1.012340e-33 
1.409500e+00   9.621667e-34 
1.412300e+00   9.126424e-34 
1.415000e+00   8.670714e-34 
1.417700e+00   8.235399e-34 
1.420400e+00   7.820211e-34 
1.423100e+00   7.422431e-34 
1.425900e+00   7.030696e-34 
1.428600e+00   6.670831e-34 
1.431300e+00   6.328021e-34 
1.434000e+00   6.001081e-34 
1.436700e+00   5.690210e-34 
1.439500e+00   5.382249e-34 
1.442200e+00   5.100550e-34 
1.444900e+00   4.830462e-34 
1.447600e+00   4.573527e-34 
1.450400e+00   4.319786e-34 
1.453100e+00   4.087172e-34 
1.455800e+00   2.258879e-33 
1.458500e+00   2.153569e-33 
1.461200e+00   2.046059e-33 
1.464000e+00   1.935910e-33 
1.466700e+00   1.832740e-33 
1.469400e+00   1.733230e-33 
1.472100e+00   1.637800e-33 
1.474800e+00   1.546784e-33 
1.477600e+00   1.456651e-33 
1.480300e+00   1.374385e-33 
1.483000e+00   1.295459e-33 
1.485700e+00   1.220699e-33 
1.488400e+00   1.149762e-33 
1.491200e+00   1.080203e-33 
1.493900e+00   1.016401e-33 
1.496600e+00   9.558135e-34 
1.523800e+00   4.972182e-34 
1.551000e+00   2.385100e-34 
1.578200e+00   1.013240e-34 
1.605500e+00   3.489182e-35 
1.632700e+00   7.990980e-36 
1.823100e+00   0.000000e+00 
2.040800e+00   0.000000e+00 
2.176900e+00   0.000000e+00 
2.340200e+00   0.000000e+00 
2.530600e+00   0.000000e+00 
2.829900e+00   0.000000e+00 
3.047600e+00   0.000000e+00 
3.401400e+00   0.000000e+00 
3.700700e+00   0.000000e+00 
4.000000e+00   0.000000e+00 
4.299300e+00   0.000000e+00 
4.680300e+00   0.000000e+00 
5.006800e+00   0.000000e+00 
