9.523900e-02   8.629312e-22 
9.796000e-02   6.932926e-22 
1.006800e-01   5.591825e-22 
1.034000e-01   4.526840e-22 
1.061200e-01   3.677752e-22 
1.088400e-01   2.998205e-22 
1.115700e-01   2.450525e-22 
1.142900e-01   2.010797e-22 
1.170100e-01   1.655060e-22 
1.197300e-01   1.366312e-22 
1.224500e-01   1.131178e-22 
1.251700e-01   9.391080e-23 
1.278900e-01   7.817400e-23 
1.306100e-01   6.524295e-23 
1.333300e-01   5.458739e-23 
1.360600e-01   4.575375e-23 
1.469400e-01   6.402925e-23 
1.496600e-01   5.712861e-23 
1.523800e-01   5.077326e-23 
1.551000e-01   4.507724e-23 
1.578200e-01   4.003051e-23 
1.605500e-01   3.556468e-23 
1.632700e-01   3.164817e-23 
1.659900e-01   2.820018e-23 
1.687100e-01   2.516238e-23 
1.714300e-01   2.248286e-23 
1.741500e-01   2.011613e-23 
1.768700e-01   1.802254e-23 
1.795900e-01   1.616780e-23 
1.823100e-01   1.452211e-23 
1.850400e-01   1.305469e-23 
1.877600e-01   1.175390e-23 
1.904800e-01   1.059467e-23 
1.933200e-01   9.517166e-24 
1.959200e-01   8.635772e-24 
1.986400e-01   7.808687e-24 
2.040800e-01   7.179861e-24 
2.068000e-01   6.537460e-24 
2.095300e-01   5.953192e-24 
2.122500e-01   5.427899e-24 
2.149700e-01   4.954274e-24 
2.176900e-01   4.527086e-24 
2.204100e-01   4.141456e-24 
2.231300e-01   3.792946e-24 
2.258500e-01   3.477598e-24 
2.285700e-01   3.191903e-24 
2.312900e-01   2.932757e-24 
2.340200e-01   2.696559e-24 
2.367400e-01   2.482601e-24 
2.394600e-01   2.287813e-24 
2.421800e-01   2.110272e-24 
2.449000e-01   1.948258e-24 
2.476200e-01   1.800259e-24 
2.503400e-01   1.664915e-24 
2.530600e-01   1.541017e-24 
2.557800e-01   1.427478e-24 
2.585100e-01   1.322965e-24 
2.612300e-01   1.227371e-24 
2.639500e-01   1.139519e-24 
2.666700e-01   1.058708e-24 
2.693900e-01   9.843076e-25 
2.721100e-01   9.157500e-25 
2.857200e-01   6.441674e-25 
2.993200e-01   4.597612e-25 
3.129300e-01   3.322125e-25 
3.265300e-01   2.427973e-25 
3.401400e-01   1.791905e-25 
3.537400e-01   1.334779e-25 
3.673500e-01   1.002292e-25 
3.809500e-01   7.585244e-26 
3.945600e-01   5.779828e-26 
4.081700e-01   4.433188e-26 
4.217700e-01   3.421990e-26 
4.353800e-01   2.656352e-26 
4.489800e-01   2.073783e-26 
4.625900e-01   1.627182e-26 
4.761900e-01   1.283370e-26 
4.898000e-01   1.016866e-26 
5.034000e-01   8.095308e-27 
5.170100e-01   6.471918e-27 
5.306100e-01   5.196784e-27 
5.578300e-01   3.390154e-27 
5.714300e-01   2.754321e-27 
5.850400e-01   2.245564e-27 
5.986400e-01   1.837509e-27 
6.122500e-01   1.508505e-27 
6.258500e-01   1.242670e-27 
6.394600e-01   1.026809e-27 
6.530600e-01   8.511887e-28 
6.666700e-01   7.076217e-28 
6.802800e-01   5.899856e-28 
6.938800e-01   4.933556e-28 
7.074900e-01   4.136308e-28 
7.210900e-01   3.477549e-28 
7.347000e-01   2.930888e-28 
7.483000e-01   2.476681e-28 
7.619100e-01   2.097708e-28 
7.755100e-01   1.781158e-28 
7.891200e-01   1.515683e-28 
8.027200e-01   1.292829e-28 
8.163300e-01   1.105025e-28 
8.299400e-01   9.465144e-29 
8.435400e-01   8.125114e-29 
8.571500e-01   6.988136e-29 
8.707500e-01   6.022745e-29 
8.843600e-01   5.200114e-29 
8.979600e-01   4.498737e-29 
9.115700e-01   3.898637e-29 
9.251700e-01   3.384963e-29 
9.387800e-01   2.943771e-29 
9.523900e-01   2.564430e-29 
9.659900e-01   2.237889e-29 
9.796000e-01   1.955898e-29 
9.932000e-01   1.712308e-29 
1.006800e+00   1.501365e-29 
1.020400e+00   1.318387e-29 
1.034000e+00   1.159421e-29 
1.047600e+00   1.021088e-29 
1.061200e+00   9.005269e-30 
1.074800e+00   7.952930e-30 
1.088400e+00   7.033042e-30 
1.102000e+00   6.227775e-30 
1.115700e+00   5.516937e-30 
1.129300e+00   4.897776e-30 
1.142900e+00   4.353477e-30 
1.156500e+00   3.874345e-30 
1.170100e+00   3.452041e-30 
1.183700e+00   3.079345e-30 
1.197300e+00   2.750013e-30 
1.210900e+00   2.458647e-30 
1.224500e+00   2.200552e-30 
1.227200e+00   2.152904e-30 
1.229900e+00   2.106380e-30 
1.232700e+00   2.059287e-30 
1.235400e+00   2.014956e-30 
1.238100e+00   1.971666e-30 
1.240800e+00   1.929382e-30 
1.243500e+00   1.888078e-30 
1.246300e+00   1.846265e-30 
1.249000e+00   1.806893e-30 
1.257200e+00   1.995720e-30 
1.259900e+00   1.954563e-30 
1.262600e+00   1.913283e-30 
1.265300e+00   1.872414e-30 
1.268000e+00   1.832214e-30 
1.270800e+00   1.791354e-30 
1.273500e+00   1.752813e-30 
1.276200e+00   1.715133e-30 
1.278900e+00   1.678304e-30 
1.281600e+00   1.642324e-30 
1.289800e+00   1.741590e-30 
1.292500e+00   1.705647e-30 
1.295200e+00   1.669870e-30 
1.298000e+00   1.633285e-30 
1.300700e+00   1.598653e-30 
1.303400e+00   1.564726e-30 
1.306100e+00   1.531522e-30 
1.308900e+00   1.497878e-30 
1.311600e+00   1.466178e-30 
1.314300e+00   1.435200e-30 
1.317000e+00   1.404924e-30 
1.319700e+00   1.375341e-30 
1.322500e+00   1.345371e-30 
1.352200e+00   1.067782e-30 
1.327900e+00   1.289572e-30 
1.330600e+00   1.262611e-30 
1.333300e+00   1.236271e-30 
1.336100e+00   1.209579e-30 
1.338800e+00   1.184440e-30 
1.341500e+00   1.159865e-30 
1.344200e+00   1.135839e-30 
1.346900e+00   1.112360e-30 
1.349700e+00   1.088563e-30 
1.352400e+00   1.066142e-30 
1.355100e+00   1.044217e-30 
1.357800e+00   1.022782e-30 
1.360600e+00   1.001060e-30 
1.363300e+00   9.805854e-31 
1.366000e+00   9.605686e-31 
1.368700e+00   9.409898e-31 
1.371400e+00   9.218482e-31 
1.374200e+00   9.024460e-31 
1.376900e+00   8.841519e-31 
1.379600e+00   8.662624e-31 
1.382300e+00   8.487648e-31 
1.385000e+00   8.316520e-31 
1.387800e+00   8.142994e-31 
1.390500e+00   7.979410e-31 
1.393200e+00   7.819362e-31 
1.395900e+00   7.662815e-31 
1.398700e+00   7.504071e-31 
1.401400e+00   7.354356e-31 
1.404100e+00   7.207911e-31 
1.406800e+00   7.064638e-31 
1.409500e+00   6.924437e-31 
1.412300e+00   6.782256e-31 
1.415000e+00   6.648143e-31 
1.417700e+00   6.516923e-31 
1.420400e+00   6.388505e-31 
1.423100e+00   6.262842e-31 
1.425900e+00   6.135352e-31 
1.428600e+00   6.015093e-31 
1.431300e+00   5.897399e-31 
1.434000e+00   5.782208e-31 
1.436700e+00   5.669453e-31 
1.439500e+00   5.555060e-31 
1.442200e+00   5.447098e-31 
1.444900e+00   5.341472e-31 
1.447600e+00   5.238023e-31 
1.450400e+00   5.133067e-31 
1.453100e+00   5.034016e-31 
1.455800e+00   2.720042e-30 
1.458500e+00   2.689356e-30 
1.461200e+00   2.650701e-30 
1.464000e+00   2.606393e-30 
1.466700e+00   2.561915e-30 
1.469400e+00   2.516948e-30 
1.472100e+00   2.472092e-30 
1.474800e+00   2.427689e-30 
1.477600e+00   2.382303e-30 
1.480300e+00   2.339279e-30 
1.483000e+00   2.297022e-30 
1.485700e+00   2.255552e-30 
1.488400e+00   2.214872e-30 
1.491200e+00   2.173506e-30 
1.493900e+00   2.134409e-30 
1.496600e+00   2.096066e-30 
1.523800e+00   1.748591e-30 
1.551000e+00   1.462128e-30 
1.578200e+00   1.225346e-30 
1.605500e+00   1.028633e-30 
1.632700e+00   8.660904e-31 
1.823100e+00   2.770558e-31 
2.040800e+00   8.498976e-32 
2.176900e+00   4.290851e-32 
2.340200e+00   1.981857e-32 
2.530600e+00   8.508743e-33 
2.829900e+00   2.500706e-33 
3.047600e+00   1.089217e-33 
3.401400e+00   3.081911e-34 
3.700700e+00   1.121049e-34 
4.000000e+00   4.209869e-35 
4.299300e+00   1.604721e-35 
4.680300e+00   4.812203e-36 
5.006800e+00   1.467017e-36 
