9.523900e-02   8.506714e-22 
9.796000e-02   6.831299e-22 
1.006800e-01   5.507342e-22 
1.034000e-01   4.456384e-22 
1.061200e-01   3.618847e-22 
1.088400e-01   2.948817e-22 
1.115700e-01   2.409041e-22 
1.142900e-01   1.975838e-22 
1.170100e-01   1.625528e-22 
1.197300e-01   1.341304e-22 
1.224500e-01   1.109951e-22 
1.251700e-01   9.210540e-23 
1.278900e-01   7.663489e-23 
1.306100e-01   6.392810e-23 
1.333300e-01   5.346199e-23 
1.360600e-01   4.478911e-23 
1.469400e-01   6.265740e-23 
1.496600e-01   5.588142e-23 
1.523800e-01   4.964388e-23 
1.551000e-01   4.405610e-23 
1.578200e-01   3.910711e-23 
1.605500e-01   3.472946e-23 
1.632700e-01   3.089179e-23 
1.659900e-01   2.751439e-23 
1.687100e-01   2.453992e-23 
1.714300e-01   2.191725e-23 
1.741500e-01   1.960155e-23 
1.768700e-01   1.755390e-23 
1.795900e-01   1.574050e-23 
1.823100e-01   1.413214e-23 
1.850400e-01   1.269854e-23 
1.877600e-01   1.142820e-23 
1.904800e-01   1.029654e-23 
1.933200e-01   9.245086e-24 
1.959200e-01   8.385325e-24 
1.986400e-01   7.578856e-24 
2.040800e-01   6.963465e-24 
2.068000e-01   6.337712e-24 
2.095300e-01   5.768846e-24 
2.122500e-01   5.257616e-24 
2.149700e-01   4.796846e-24 
2.176900e-01   4.381410e-24 
2.204100e-01   4.006516e-24 
2.231300e-01   3.667833e-24 
2.258500e-01   3.361487e-24 
2.285700e-01   3.084045e-24 
2.312900e-01   2.832468e-24 
2.340200e-01   2.603257e-24 
2.367400e-01   2.395703e-24 
2.394600e-01   2.206806e-24 
2.421800e-01   2.034692e-24 
2.449000e-01   1.877694e-24 
2.476200e-01   1.734324e-24 
2.503400e-01   1.603261e-24 
2.530600e-01   1.483324e-24 
2.557800e-01   1.373453e-24 
2.585100e-01   1.272351e-24 
2.612300e-01   1.179916e-24 
2.639500e-01   1.094991e-24 
2.666700e-01   1.016903e-24 
2.693900e-01   9.450362e-25 
2.721100e-01   8.788375e-25 
2.857200e-01   6.168662e-25 
2.993200e-01   4.393142e-25 
3.129300e-01   3.167362e-25 
3.265300e-01   2.309698e-25 
3.401400e-01   1.700769e-25 
3.537400e-01   1.264007e-25 
3.673500e-01   9.469714e-26 
3.809500e-01   7.149998e-26 
3.945600e-01   5.435481e-26 
4.081700e-01   4.159276e-26 
4.217700e-01   3.202981e-26 
4.353800e-01   2.480442e-26 
4.489800e-01   1.931833e-26 
4.625900e-01   1.512167e-26 
4.761900e-01   1.189787e-26 
4.898000e-01   9.404367e-27 
5.034000e-01   7.468690e-27 
5.170100e-01   5.956424e-27 
5.306100e-01   4.771157e-27 
5.578300e-01   3.097219e-27 
5.714300e-01   2.510125e-27 
5.850400e-01   2.041410e-27 
5.986400e-01   1.666314e-27 
6.122500e-01   1.364561e-27 
6.258500e-01   1.121293e-27 
6.394600e-01   9.242006e-28 
6.530600e-01   7.642087e-28 
6.666700e-01   6.337168e-28 
6.802800e-01   5.270324e-28 
6.938800e-01   4.396009e-28 
7.074900e-01   3.676283e-28 
7.210900e-01   3.082943e-28 
7.347000e-01   2.591697e-28 
7.483000e-01   2.184455e-28 
7.619100e-01   1.845463e-28 
7.755100e-01   1.562963e-28 
7.891200e-01   1.326589e-28 
8.027200e-01   1.128621e-28 
8.163300e-01   9.621810e-29 
8.299400e-01   8.220279e-29 
8.435400e-01   7.038210e-29 
8.571500e-01   6.037585e-29 
8.707500e-01   5.189988e-29 
8.843600e-01   4.469401e-29 
8.979600e-01   3.856473e-29 
9.115700e-01   3.333296e-29 
9.251700e-01   2.886498e-29 
9.387800e-01   2.503659e-29 
9.523900e-01   2.175274e-29 
9.659900e-01   1.893263e-29 
9.796000e-01   1.650305e-29 
9.932000e-01   1.440935e-29 
1.006800e+00   1.260051e-29 
1.020400e+00   1.103536e-29 
1.034000e+00   9.678782e-30 
1.047600e+00   8.501144e-30 
1.061200e+00   7.477270e-30 
1.074800e+00   6.585717e-30 
1.088400e+00   5.808226e-30 
1.102000e+00   5.129257e-30 
1.115700e+00   4.531386e-30 
1.129300e+00   4.011882e-30 
1.142900e+00   3.556299e-30 
1.156500e+00   3.156266e-30 
1.170100e+00   2.804518e-30 
1.183700e+00   2.494860e-30 
1.197300e+00   2.221894e-30 
1.210900e+00   1.981000e-30 
1.224500e+00   1.768140e-30 
1.227200e+00   1.728900e-30 
1.229900e+00   1.690605e-30 
1.232700e+00   1.651864e-30 
1.235400e+00   1.615409e-30 
1.238100e+00   1.579829e-30 
1.240800e+00   1.545095e-30 
1.243500e+00   1.511186e-30 
1.246300e+00   1.476871e-30 
1.249000e+00   1.444579e-30 
1.257200e+00   1.589379e-30 
1.259900e+00   1.555722e-30 
1.262600e+00   1.522019e-30 
1.265300e+00   1.488678e-30 
1.268000e+00   1.455912e-30 
1.270800e+00   1.422630e-30 
1.273500e+00   1.391248e-30 
1.276200e+00   1.360582e-30 
1.278900e+00   1.330635e-30 
1.281600e+00   1.301384e-30 
1.289800e+00   1.376700e-30 
1.292500e+00   1.347537e-30 
1.295200e+00   1.318540e-30 
1.298000e+00   1.288907e-30 
1.300700e+00   1.260874e-30 
1.303400e+00   1.233431e-30 
1.306100e+00   1.206586e-30 
1.308900e+00   1.179400e-30 
1.311600e+00   1.153798e-30 
1.314300e+00   1.128790e-30 
1.317000e+00   1.104362e-30 
1.319700e+00   1.080508e-30 
1.322500e+00   1.056355e-30 
1.352200e+00   8.332605e-31 
1.327900e+00   1.011409e-30 
1.330600e+00   9.897145e-31 
1.333300e+00   9.685321e-31 
1.336100e+00   9.470707e-31 
1.338800e+00   9.268637e-31 
1.341500e+00   9.071238e-31 
1.344200e+00   8.878406e-31 
1.346900e+00   8.689992e-31 
1.349700e+00   8.499136e-31 
1.352400e+00   8.319436e-31 
1.355100e+00   8.143786e-31 
1.357800e+00   7.972165e-31 
1.360600e+00   7.798307e-31 
1.363300e+00   7.634521e-31 
1.366000e+00   7.474449e-31 
1.368700e+00   7.318022e-31 
1.371400e+00   7.165128e-31 
1.374200e+00   7.010209e-31 
1.376900e+00   6.864261e-31 
1.379600e+00   6.721569e-31 
1.382300e+00   6.582107e-31 
1.385000e+00   6.445754e-31 
1.387800e+00   6.307586e-31 
1.390500e+00   6.177366e-31 
1.393200e+00   6.050063e-31 
1.395900e+00   5.925595e-31 
1.398700e+00   5.799437e-31 
1.401400e+00   5.680528e-31 
1.404100e+00   5.564249e-31 
1.406800e+00   5.450549e-31 
1.409500e+00   5.339398e-31 
1.412300e+00   5.226656e-31 
1.415000e+00   5.120413e-31 
1.417700e+00   5.016495e-31 
1.420400e+00   4.914852e-31 
1.423100e+00   4.815449e-31 
1.425900e+00   4.714648e-31 
1.428600e+00   4.619620e-31 
1.431300e+00   4.526643e-31 
1.434000e+00   4.435708e-31 
1.436700e+00   4.346743e-31 
1.439500e+00   4.256513e-31 
1.442200e+00   4.171438e-31 
1.444900e+00   4.088198e-31 
1.447600e+00   4.006737e-31 
1.450400e+00   3.924132e-31 
1.453100e+00   3.846219e-31 
1.455800e+00   2.082973e-30 
1.458500e+00   2.058316e-30 
1.461200e+00   2.027580e-30 
1.464000e+00   1.992506e-30 
1.466700e+00   1.957397e-30 
1.469400e+00   1.921929e-30 
1.472100e+00   1.886597e-30 
1.474800e+00   1.851642e-30 
1.477600e+00   1.815943e-30 
1.480300e+00   1.782121e-30 
1.483000e+00   1.748913e-30 
1.485700e+00   1.716353e-30 
1.488400e+00   1.684422e-30 
1.491200e+00   1.651972e-30 
1.493900e+00   1.621318e-30 
1.496600e+00   1.591272e-30 
1.523800e+00   1.319771e-30 
1.551000e+00   1.097066e-30 
1.578200e+00   9.139949e-31 
1.605500e+00   7.627038e-31 
1.632700e+00   6.383637e-31 
1.823100e+00   1.956821e-31 
2.040800e+00   5.705886e-32 
2.176900e+00   2.787662e-32 
2.340200e+00   1.236308e-32 
2.530600e+00   5.052933e-33 
2.829900e+00   1.368888e-33 
3.047600e+00   5.596766e-34 
3.401400e+00   1.416329e-34 
3.700700e+00   4.633361e-35 
4.000000e+00   1.541922e-35 
4.299300e+00   5.090281e-36 
4.680300e+00   1.215721e-36 
5.006800e+00   2.614353e-37 
