9.523900e-02   4.584377e-22 
9.796000e-02   3.605908e-22 
1.006800e-01   2.847019e-22 
1.034000e-01   2.255862e-22 
1.061200e-01   1.793591e-22 
1.088400e-01   1.430762e-22 
1.115700e-01   1.144027e-22 
1.142900e-01   9.183103e-23 
1.170100e-01   7.392996e-23 
1.197300e-01   5.968715e-23 
1.224500e-01   4.831986e-23 
1.251700e-01   3.922030e-23 
1.278900e-01   3.191522e-23 
1.306100e-01   2.603431e-23 
1.333300e-01   2.128734e-23 
1.360600e-01   1.743304e-23 
1.469400e-01   2.348313e-23 
1.496600e-01   2.051547e-23 
1.523800e-01   1.784866e-23 
1.551000e-01   1.550921e-23 
1.578200e-01   1.347757e-23 
1.605500e-01   1.171451e-23 
1.632700e-01   1.019785e-23 
1.659900e-01   8.887929e-24 
1.687100e-01   7.755759e-24 
1.714300e-01   6.776162e-24 
1.741500e-01   5.927505e-24 
1.768700e-01   5.191281e-24 
1.795900e-01   4.551710e-24 
1.823100e-01   3.995358e-24 
1.850400e-01   3.509060e-24 
1.877600e-01   3.086567e-24 
1.904800e-01   2.717600e-24 
1.933200e-01   2.381729e-24 
1.959200e-01   2.112575e-24 
1.986400e-01   1.865072e-24 
2.040800e-01   1.628443e-24 
2.068000e-01   1.447684e-24 
2.095300e-01   1.287217e-24 
2.122500e-01   1.146098e-24 
2.149700e-01   1.021509e-24 
2.176900e-01   9.114356e-25 
2.204100e-01   8.140824e-25 
2.231300e-01   7.278789e-25 
2.258500e-01   6.514557e-25 
2.285700e-01   5.836223e-25 
2.312900e-01   5.233385e-25 
2.340200e-01   4.695198e-25 
2.367400e-01   4.217682e-25 
2.394600e-01   3.791870e-25 
2.421800e-01   3.411790e-25 
2.449000e-01   3.072173e-25 
2.476200e-01   2.768399e-25 
2.503400e-01   2.496442e-25 
2.530600e-01   2.252739e-25 
2.557800e-01   2.034156e-25 
2.585100e-01   1.837256e-25 
2.612300e-01   1.661047e-25 
2.639500e-01   1.502600e-25 
2.666700e-01   1.360026e-25 
2.693900e-01   1.231637e-25 
2.721100e-01   1.115941e-25 
2.857200e-01   6.859650e-26 
2.993200e-01   4.260167e-26 
3.129300e-01   2.665841e-26 
3.265300e-01   1.679174e-26 
3.401400e-01   1.062386e-26 
3.537400e-01   6.747328e-27 
3.673500e-01   4.293925e-27 
3.809500e-01   2.737059e-27 
3.945600e-01   1.744515e-27 
4.081700e-01   1.111071e-27 
4.217700e-01   7.065849e-28 
4.353800e-01   4.478855e-28 
4.489800e-01   2.828357e-28 
4.625900e-01   1.775675e-28 
4.761900e-01   1.107367e-28 
4.898000e-01   6.842304e-29 
5.034000e-01   4.183345e-29 
5.170100e-01   2.521766e-29 
5.306100e-01   1.495095e-29 
5.578300e-01   4.896632e-30 
5.714300e-01   2.670864e-30 
5.850400e-01   1.390843e-30 
5.986400e-01   6.800441e-31 
6.122500e-01   3.035955e-31 
6.258500e-01   1.175962e-31 
6.394600e-01   3.547067e-32 
6.530600e-01   6.185725e-33 
6.666700e-01   7.947025e-35 
6.802800e-01   0.000000e+00 
6.938800e-01   0.000000e+00 
7.074900e-01   0.000000e+00 
7.210900e-01   0.000000e+00 
7.347000e-01   0.000000e+00 
7.483000e-01   0.000000e+00 
7.619100e-01   0.000000e+00 
7.755100e-01   0.000000e+00 
7.891200e-01   0.000000e+00 
8.027200e-01   0.000000e+00 
8.163300e-01   0.000000e+00 
8.299400e-01   0.000000e+00 
8.435400e-01   0.000000e+00 
8.571500e-01   0.000000e+00 
8.707500e-01   0.000000e+00 
8.843600e-01   0.000000e+00 
8.979600e-01   0.000000e+00 
9.115700e-01   0.000000e+00 
9.251700e-01   0.000000e+00 
9.387800e-01   0.000000e+00 
9.523900e-01   0.000000e+00 
9.659900e-01   0.000000e+00 
9.796000e-01   0.000000e+00 
9.932000e-01   0.000000e+00 
1.006800e+00   0.000000e+00 
1.020400e+00   0.000000e+00 
1.034000e+00   0.000000e+00 
1.047600e+00   0.000000e+00 
1.061200e+00   0.000000e+00 
1.074800e+00   0.000000e+00 
1.088400e+00   0.000000e+00 
1.102000e+00   0.000000e+00 
1.115700e+00   0.000000e+00 
1.129300e+00   0.000000e+00 
1.142900e+00   0.000000e+00 
1.156500e+00   0.000000e+00 
1.170100e+00   0.000000e+00 
1.183700e+00   0.000000e+00 
1.197300e+00   0.000000e+00 
1.210900e+00   0.000000e+00 
1.224500e+00   0.000000e+00 
1.227200e+00   0.000000e+00 
1.229900e+00   0.000000e+00 
1.232700e+00   0.000000e+00 
1.235400e+00   0.000000e+00 
1.238100e+00   0.000000e+00 
1.240800e+00   0.000000e+00 
1.243500e+00   0.000000e+00 
1.246300e+00   0.000000e+00 
1.249000e+00   0.000000e+00 
1.257200e+00   0.000000e+00 
1.259900e+00   0.000000e+00 
1.262600e+00   0.000000e+00 
1.265300e+00   0.000000e+00 
1.268000e+00   0.000000e+00 
1.270800e+00   0.000000e+00 
1.273500e+00   0.000000e+00 
1.276200e+00   0.000000e+00 
1.278900e+00   0.000000e+00 
1.281600e+00   0.000000e+00 
1.289800e+00   0.000000e+00 
1.292500e+00   0.000000e+00 
1.295200e+00   0.000000e+00 
1.298000e+00   0.000000e+00 
1.300700e+00   0.000000e+00 
1.303400e+00   0.000000e+00 
1.306100e+00   0.000000e+00 
1.308900e+00   0.000000e+00 
1.311600e+00   0.000000e+00 
1.314300e+00   0.000000e+00 
1.317000e+00   0.000000e+00 
1.319700e+00   0.000000e+00 
1.322500e+00   0.000000e+00 
1.352200e+00   0.000000e+00 
1.327900e+00   0.000000e+00 
1.330600e+00   0.000000e+00 
1.333300e+00   0.000000e+00 
1.336100e+00   0.000000e+00 
1.338800e+00   0.000000e+00 
1.341500e+00   0.000000e+00 
1.344200e+00   0.000000e+00 
1.346900e+00   0.000000e+00 
1.349700e+00   0.000000e+00 
1.352400e+00   0.000000e+00 
1.355100e+00   0.000000e+00 
1.357800e+00   0.000000e+00 
1.360600e+00   0.000000e+00 
1.363300e+00   0.000000e+00 
1.366000e+00   0.000000e+00 
1.368700e+00   0.000000e+00 
1.371400e+00   0.000000e+00 
1.374200e+00   0.000000e+00 
1.376900e+00   0.000000e+00 
1.379600e+00   0.000000e+00 
1.382300e+00   0.000000e+00 
1.385000e+00   0.000000e+00 
1.387800e+00   0.000000e+00 
1.390500e+00   0.000000e+00 
1.393200e+00   0.000000e+00 
1.395900e+00   0.000000e+00 
1.398700e+00   0.000000e+00 
1.401400e+00   0.000000e+00 
1.404100e+00   0.000000e+00 
1.406800e+00   0.000000e+00 
1.409500e+00   0.000000e+00 
1.412300e+00   0.000000e+00 
1.415000e+00   0.000000e+00 
1.417700e+00   0.000000e+00 
1.420400e+00   0.000000e+00 
1.423100e+00   0.000000e+00 
1.425900e+00   0.000000e+00 
1.428600e+00   0.000000e+00 
1.431300e+00   0.000000e+00 
1.434000e+00   0.000000e+00 
1.436700e+00   0.000000e+00 
1.439500e+00   0.000000e+00 
1.442200e+00   0.000000e+00 
1.444900e+00   0.000000e+00 
1.447600e+00   0.000000e+00 
1.450400e+00   0.000000e+00 
1.453100e+00   0.000000e+00 
1.455800e+00   0.000000e+00 
1.458500e+00   0.000000e+00 
1.461200e+00   0.000000e+00 
1.464000e+00   0.000000e+00 
1.466700e+00   0.000000e+00 
1.469400e+00   0.000000e+00 
1.472100e+00   0.000000e+00 
1.474800e+00   0.000000e+00 
1.477600e+00   0.000000e+00 
1.480300e+00   0.000000e+00 
1.483000e+00   0.000000e+00 
1.485700e+00   0.000000e+00 
1.488400e+00   0.000000e+00 
1.491200e+00   0.000000e+00 
1.493900e+00   0.000000e+00 
1.496600e+00   0.000000e+00 
1.523800e+00   0.000000e+00 
1.551000e+00   0.000000e+00 
1.578200e+00   0.000000e+00 
1.605500e+00   0.000000e+00 
1.632700e+00   0.000000e+00 
1.823100e+00   0.000000e+00 
2.040800e+00   0.000000e+00 
2.176900e+00   0.000000e+00 
2.340200e+00   0.000000e+00 
2.530600e+00   0.000000e+00 
2.829900e+00   0.000000e+00 
3.047600e+00   0.000000e+00 
3.401400e+00   0.000000e+00 
3.700700e+00   0.000000e+00 
4.000000e+00   0.000000e+00 
4.299300e+00   0.000000e+00 
4.680300e+00   0.000000e+00 
5.006800e+00   0.000000e+00 
