9.523900e-02   5.280975e-22 
9.796000e-02   4.174346e-22 
1.006800e-01   3.312255e-22 
1.034000e-01   2.637694e-22 
1.061200e-01   2.107821e-22 
1.088400e-01   1.690027e-22 
1.115700e-01   1.358335e-22 
1.142900e-01   1.096015e-22 
1.170100e-01   8.870014e-23 
1.197300e-01   7.199150e-23 
1.224500e-01   5.859286e-23 
1.251700e-01   4.781555e-23 
1.278900e-01   3.912152e-23 
1.306100e-01   3.208813e-23 
1.333300e-01   2.638306e-23 
1.360600e-01   2.172753e-23 
1.469400e-01   2.963879e-23 
1.496600e-01   2.602858e-23 
1.523800e-01   2.276522e-23 
1.551000e-01   1.988752e-23 
1.578200e-01   1.737605e-23 
1.605500e-01   1.518601e-23 
1.632700e-01   1.329294e-23 
1.659900e-01   1.165008e-23 
1.687100e-01   1.022327e-23 
1.714300e-01   8.982744e-24 
1.741500e-01   7.902764e-24 
1.768700e-01   6.961205e-24 
1.795900e-01   6.139191e-24 
1.823100e-01   5.420509e-24 
1.850400e-01   4.789140e-24 
1.877600e-01   4.237772e-24 
1.904800e-01   3.753765e-24 
1.933200e-01   3.310793e-24 
1.959200e-01   2.953936e-24 
1.986400e-01   2.624071e-24 
2.040800e-01   2.325798e-24 
2.068000e-01   2.080747e-24 
2.095300e-01   1.861863e-24 
2.122500e-01   1.668266e-24 
2.149700e-01   1.496398e-24 
2.176900e-01   1.343716e-24 
2.204100e-01   1.207937e-24 
2.231300e-01   1.087047e-24 
2.258500e-01   9.792767e-25 
2.285700e-01   8.830900e-25 
2.312900e-01   7.971299e-25 
2.340200e-01   7.199537e-25 
2.367400e-01   6.510897e-25 
2.394600e-01   5.893340e-25 
2.421800e-01   5.338929e-25 
2.449000e-01   4.840643e-25 
2.476200e-01   4.392375e-25 
2.503400e-01   3.988676e-25 
2.530600e-01   3.624764e-25 
2.557800e-01   3.296428e-25 
2.585100e-01   2.998861e-25 
2.612300e-01   2.730924e-25 
2.639500e-01   2.488531e-25 
2.666700e-01   2.269064e-25 
2.693900e-01   2.070195e-25 
2.721100e-01   1.889853e-25 
2.857200e-01   1.207422e-25 
2.993200e-01   7.808626e-26 
3.129300e-01   5.099255e-26 
3.265300e-01   3.359510e-26 
3.401400e-01   2.228867e-26 
3.537400e-01   1.488488e-26 
3.673500e-01   9.991445e-27 
3.809500e-01   6.739934e-27 
3.945600e-01   4.563566e-27 
4.081700e-01   3.100527e-27 
4.217700e-01   2.113240e-27 
4.353800e-01   1.443379e-27 
4.489800e-01   9.880351e-28 
4.625900e-01   6.771242e-28 
4.761900e-01   4.646556e-28 
4.898000e-01   3.189355e-28 
5.034000e-01   2.189825e-28 
5.170100e-01   1.502509e-28 
5.306100e-01   1.030186e-28 
5.578300e-01   4.814943e-29 
5.714300e-01   3.279650e-29 
5.850400e-01   2.225194e-29 
5.986400e-01   1.503397e-29 
6.122500e-01   1.009920e-29 
6.258500e-01   6.741776e-30 
6.394600e-01   4.463590e-30 
6.530600e-01   2.927832e-30 
6.666700e-01   1.897622e-30 
6.802800e-01   1.212982e-30 
6.938800e-01   7.626965e-31 
7.074900e-01   4.695061e-31 
7.210900e-01   2.817214e-31 
7.347000e-01   1.634957e-31 
7.483000e-01   9.092220e-32 
7.619100e-01   4.772149e-32 
7.755100e-01   2.309554e-32 
7.891200e-01   9.884307e-33 
8.027200e-01   3.454937e-33 
8.163300e-01   7.970224e-34 
8.299400e-01   4.976975e-35 
8.435400e-01   0.000000e+00 
8.571500e-01   0.000000e+00 
8.707500e-01   0.000000e+00 
8.843600e-01   0.000000e+00 
8.979600e-01   0.000000e+00 
9.115700e-01   0.000000e+00 
9.251700e-01   0.000000e+00 
9.387800e-01   0.000000e+00 
9.523900e-01   0.000000e+00 
9.659900e-01   0.000000e+00 
9.796000e-01   0.000000e+00 
9.932000e-01   0.000000e+00 
1.006800e+00   0.000000e+00 
1.020400e+00   0.000000e+00 
1.034000e+00   0.000000e+00 
1.047600e+00   0.000000e+00 
1.061200e+00   0.000000e+00 
1.074800e+00   0.000000e+00 
1.088400e+00   0.000000e+00 
1.102000e+00   0.000000e+00 
1.115700e+00   0.000000e+00 
1.129300e+00   0.000000e+00 
1.142900e+00   0.000000e+00 
1.156500e+00   0.000000e+00 
1.170100e+00   0.000000e+00 
1.183700e+00   0.000000e+00 
1.197300e+00   0.000000e+00 
1.210900e+00   0.000000e+00 
1.224500e+00   0.000000e+00 
1.227200e+00   0.000000e+00 
1.229900e+00   0.000000e+00 
1.232700e+00   0.000000e+00 
1.235400e+00   0.000000e+00 
1.238100e+00   0.000000e+00 
1.240800e+00   0.000000e+00 
1.243500e+00   0.000000e+00 
1.246300e+00   0.000000e+00 
1.249000e+00   0.000000e+00 
1.257200e+00   0.000000e+00 
1.259900e+00   0.000000e+00 
1.262600e+00   0.000000e+00 
1.265300e+00   0.000000e+00 
1.268000e+00   0.000000e+00 
1.270800e+00   0.000000e+00 
1.273500e+00   0.000000e+00 
1.276200e+00   0.000000e+00 
1.278900e+00   0.000000e+00 
1.281600e+00   0.000000e+00 
1.289800e+00   0.000000e+00 
1.292500e+00   0.000000e+00 
1.295200e+00   0.000000e+00 
1.298000e+00   0.000000e+00 
1.300700e+00   0.000000e+00 
1.303400e+00   0.000000e+00 
1.306100e+00   0.000000e+00 
1.308900e+00   0.000000e+00 
1.311600e+00   0.000000e+00 
1.314300e+00   0.000000e+00 
1.317000e+00   0.000000e+00 
1.319700e+00   0.000000e+00 
1.322500e+00   0.000000e+00 
1.352200e+00   0.000000e+00 
1.327900e+00   0.000000e+00 
1.330600e+00   0.000000e+00 
1.333300e+00   0.000000e+00 
1.336100e+00   0.000000e+00 
1.338800e+00   0.000000e+00 
1.341500e+00   0.000000e+00 
1.344200e+00   0.000000e+00 
1.346900e+00   0.000000e+00 
1.349700e+00   0.000000e+00 
1.352400e+00   0.000000e+00 
1.355100e+00   0.000000e+00 
1.357800e+00   0.000000e+00 
1.360600e+00   0.000000e+00 
1.363300e+00   0.000000e+00 
1.366000e+00   0.000000e+00 
1.368700e+00   0.000000e+00 
1.371400e+00   0.000000e+00 
1.374200e+00   0.000000e+00 
1.376900e+00   0.000000e+00 
1.379600e+00   0.000000e+00 
1.382300e+00   0.000000e+00 
1.385000e+00   0.000000e+00 
1.387800e+00   0.000000e+00 
1.390500e+00   0.000000e+00 
1.393200e+00   0.000000e+00 
1.395900e+00   0.000000e+00 
1.398700e+00   0.000000e+00 
1.401400e+00   0.000000e+00 
1.404100e+00   0.000000e+00 
1.406800e+00   0.000000e+00 
1.409500e+00   0.000000e+00 
1.412300e+00   0.000000e+00 
1.415000e+00   0.000000e+00 
1.417700e+00   0.000000e+00 
1.420400e+00   0.000000e+00 
1.423100e+00   0.000000e+00 
1.425900e+00   0.000000e+00 
1.428600e+00   0.000000e+00 
1.431300e+00   0.000000e+00 
1.434000e+00   0.000000e+00 
1.436700e+00   0.000000e+00 
1.439500e+00   0.000000e+00 
1.442200e+00   0.000000e+00 
1.444900e+00   0.000000e+00 
1.447600e+00   0.000000e+00 
1.450400e+00   0.000000e+00 
1.453100e+00   0.000000e+00 
1.455800e+00   0.000000e+00 
1.458500e+00   0.000000e+00 
1.461200e+00   0.000000e+00 
1.464000e+00   0.000000e+00 
1.466700e+00   0.000000e+00 
1.469400e+00   0.000000e+00 
1.472100e+00   0.000000e+00 
1.474800e+00   0.000000e+00 
1.477600e+00   0.000000e+00 
1.480300e+00   0.000000e+00 
1.483000e+00   0.000000e+00 
1.485700e+00   0.000000e+00 
1.488400e+00   0.000000e+00 
1.491200e+00   0.000000e+00 
1.493900e+00   0.000000e+00 
1.496600e+00   0.000000e+00 
1.523800e+00   0.000000e+00 
1.551000e+00   0.000000e+00 
1.578200e+00   0.000000e+00 
1.605500e+00   0.000000e+00 
1.632700e+00   0.000000e+00 
1.823100e+00   0.000000e+00 
2.040800e+00   0.000000e+00 
2.176900e+00   0.000000e+00 
2.340200e+00   0.000000e+00 
2.530600e+00   0.000000e+00 
2.829900e+00   0.000000e+00 
3.047600e+00   0.000000e+00 
3.401400e+00   0.000000e+00 
3.700700e+00   0.000000e+00 
4.000000e+00   0.000000e+00 
4.299300e+00   0.000000e+00 
4.680300e+00   0.000000e+00 
5.006800e+00   0.000000e+00 
