9.523900e-02   8.119718e-22 
9.796000e-02   6.510791e-22 
1.006800e-01   5.241081e-22 
1.034000e-01   4.234561e-22 
1.061200e-01   3.433529e-22 
1.088400e-01   2.793577e-22 
1.115700e-01   2.278739e-22 
1.142900e-01   1.866120e-22 
1.170100e-01   1.532919e-22 
1.197300e-01   1.262946e-22 
1.224500e-01   1.043504e-22 
1.251700e-01   8.645759e-23 
1.278900e-01   7.182458e-23 
1.306100e-01   5.982243e-23 
1.333300e-01   4.995048e-23 
1.360600e-01   4.178169e-23 
1.469400e-01   5.837409e-23 
1.496600e-01   5.198985e-23 
1.523800e-01   4.612278e-23 
1.551000e-01   4.087441e-23 
1.578200e-01   3.623209e-23 
1.605500e-01   3.213100e-23 
1.632700e-01   2.854018e-23 
1.659900e-01   2.538378e-23 
1.687100e-01   2.260736e-23 
1.714300e-01   2.016230e-23 
1.741500e-01   1.800614e-23 
1.768700e-01   1.610193e-23 
1.795900e-01   1.441766e-23 
1.823100e-01   1.292566e-23 
1.850400e-01   1.159748e-23 
1.877600e-01   1.042205e-23 
1.904800e-01   9.376248e-24 
1.933200e-01   8.405853e-24 
1.959200e-01   7.613378e-24 
1.986400e-01   6.870954e-24 
2.040800e-01   6.297259e-24 
2.068000e-01   5.723188e-24 
2.095300e-01   5.202123e-24 
2.122500e-01   4.734493e-24 
2.149700e-01   4.313549e-24 
2.176900e-01   3.934495e-24 
2.204100e-01   3.592836e-24 
2.231300e-01   3.284549e-24 
2.258500e-01   3.006030e-24 
2.285700e-01   2.754086e-24 
2.312900e-01   2.525900e-24 
2.340200e-01   2.318244e-24 
2.367400e-01   2.130431e-24 
2.394600e-01   1.959703e-24 
2.421800e-01   1.804324e-24 
2.449000e-01   1.662760e-24 
2.476200e-01   1.533640e-24 
2.503400e-01   1.415739e-24 
2.530600e-01   1.307975e-24 
2.557800e-01   1.209377e-24 
2.585100e-01   1.118758e-24 
2.612300e-01   1.036000e-24 
2.639500e-01   9.600623e-25 
2.666700e-01   8.903209e-25 
2.693900e-01   8.262124e-25 
2.721100e-01   7.672302e-25 
2.857200e-01   5.346340e-25 
2.993200e-01   3.779644e-25 
3.129300e-01   2.704832e-25 
3.265300e-01   1.957621e-25 
3.401400e-01   1.430564e-25 
3.537400e-01   1.055033e-25 
3.673500e-01   7.842791e-26 
3.809500e-01   5.875266e-26 
3.945600e-01   4.431125e-26 
4.081700e-01   3.363727e-26 
4.217700e-01   2.569568e-26 
4.353800e-01   1.973823e-26 
4.489800e-01   1.524763e-26 
4.625900e-01   1.183749e-26 
4.761900e-01   9.237113e-27 
4.898000e-01   7.240689e-27 
5.034000e-01   5.702424e-27 
5.170100e-01   4.509642e-27 
5.306100e-01   3.581841e-27 
5.578300e-01   2.285834e-27 
5.714300e-01   1.836697e-27 
5.850400e-01   1.480884e-27 
5.986400e-01   1.198339e-27 
6.122500e-01   9.728108e-28 
6.258500e-01   7.924164e-28 
6.394600e-01   6.474088e-28 
6.530600e-01   5.306267e-28 
6.666700e-01   4.361297e-28 
6.802800e-01   3.594889e-28 
6.938800e-01   2.971811e-28 
7.074900e-01   2.463000e-28 
7.210900e-01   2.046913e-28 
7.347000e-01   1.705214e-28 
7.483000e-01   1.424238e-28 
7.619100e-01   1.192260e-28 
7.755100e-01   1.000516e-28 
7.891200e-01   8.414011e-29 
8.027200e-01   7.092368e-29 
8.163300e-01   5.990371e-29 
8.299400e-01   5.070147e-29 
8.435400e-01   4.300504e-29 
8.571500e-01   3.654458e-29 
8.707500e-01   3.111795e-29 
8.843600e-01   2.654371e-29 
8.979600e-01   2.268573e-29 
9.115700e-01   1.942063e-29 
9.251700e-01   1.665631e-29 
9.387800e-01   1.430786e-29 
9.523900e-01   1.231086e-29 
9.659900e-01   1.061076e-29 
9.796000e-01   9.158746e-30 
9.932000e-01   7.918383e-30 
1.006800e+00   6.856223e-30 
1.020400e+00   5.945211e-30 
1.034000e+00   5.162538e-30 
1.047600e+00   4.489147e-30 
1.061200e+00   3.908889e-30 
1.074800e+00   3.408133e-30 
1.088400e+00   2.975388e-30 
1.102000e+00   2.600865e-30 
1.115700e+00   2.274090e-30 
1.129300e+00   1.992733e-30 
1.142900e+00   1.748255e-30 
1.156500e+00   1.535537e-30 
1.170100e+00   1.350229e-30 
1.183700e+00   1.188599e-30 
1.197300e+00   1.047444e-30 
1.210900e+00   9.240319e-31 
1.224500e+00   8.160075e-31 
1.227200e+00   7.962077e-31 
1.229900e+00   7.769222e-31 
1.232700e+00   7.574467e-31 
1.235400e+00   7.391596e-31 
1.238100e+00   7.213443e-31 
1.240800e+00   7.039815e-31 
1.243500e+00   6.870667e-31 
1.246300e+00   6.699791e-31 
1.249000e+00   6.539318e-31 
1.257200e+00   7.098159e-31 
1.259900e+00   6.932761e-31 
1.262600e+00   6.767927e-31 
1.265300e+00   6.605466e-31 
1.268000e+00   6.446219e-31 
1.270800e+00   6.284848e-31 
1.273500e+00   6.133006e-31 
1.276200e+00   5.984972e-31 
1.278900e+00   5.840605e-31 
1.281600e+00   5.699974e-31 
1.289800e+00   5.976006e-31 
1.292500e+00   5.836712e-31 
1.295200e+00   5.698753e-31 
1.298000e+00   5.558189e-31 
1.300700e+00   5.425561e-31 
1.303400e+00   5.295938e-31 
1.306100e+00   5.169467e-31 
1.308900e+00   5.041596e-31 
1.311600e+00   4.921454e-31 
1.314300e+00   4.804293e-31 
1.317000e+00   4.690126e-31 
1.319700e+00   4.578807e-31 
1.322500e+00   4.466327e-31 
1.352200e+00   3.438957e-31 
1.327900e+00   4.257635e-31 
1.330600e+00   4.157174e-31 
1.333300e+00   4.059272e-31 
1.336100e+00   3.960311e-31 
1.338800e+00   3.867342e-31 
1.341500e+00   3.776658e-31 
1.344200e+00   3.688253e-31 
1.346900e+00   3.602025e-31 
1.349700e+00   3.514874e-31 
1.352400e+00   3.432944e-31 
1.355100e+00   3.353071e-31 
1.357800e+00   3.275168e-31 
1.360600e+00   3.196384e-31 
1.363300e+00   3.122342e-31 
1.366000e+00   3.050102e-31 
1.368700e+00   2.979649e-31 
1.371400e+00   2.910922e-31 
1.374200e+00   2.841431e-31 
1.376900e+00   2.776079e-31 
1.379600e+00   2.712326e-31 
1.382300e+00   2.650146e-31 
1.385000e+00   2.589453e-31 
1.387800e+00   2.528079e-31 
1.390500e+00   2.470365e-31 
1.393200e+00   2.414033e-31 
1.395900e+00   2.359073e-31 
1.398700e+00   2.303494e-31 
1.401400e+00   2.251211e-31 
1.404100e+00   2.200176e-31 
1.406800e+00   2.150379e-31 
1.409500e+00   2.101774e-31 
1.412300e+00   2.052606e-31 
1.415000e+00   2.006338e-31 
1.417700e+00   1.961199e-31 
1.420400e+00   1.917122e-31 
1.423100e+00   1.874100e-31 
1.425900e+00   1.830572e-31 
1.428600e+00   1.789610e-31 
1.431300e+00   1.749624e-31 
1.434000e+00   1.710579e-31 
1.436700e+00   1.672464e-31 
1.439500e+00   1.633887e-31 
1.442200e+00   1.597590e-31 
1.444900e+00   1.562144e-31 
1.447600e+00   1.527526e-31 
1.450400e+00   1.492489e-31 
1.453100e+00   1.459511e-31 
1.455800e+00   7.959550e-31 
1.458500e+00   7.847622e-31 
1.461200e+00   7.712872e-31 
1.464000e+00   7.561554e-31 
1.466700e+00   7.411230e-31 
1.469400e+00   7.260197e-31 
1.472100e+00   7.110302e-31 
1.474800e+00   6.962465e-31 
1.477600e+00   6.811853e-31 
1.480300e+00   6.669480e-31 
1.483000e+00   6.530025e-31 
1.485700e+00   6.393570e-31 
1.488400e+00   6.260063e-31 
1.491200e+00   6.124668e-31 
1.493900e+00   5.997012e-31 
1.496600e+00   5.872145e-31 
1.523800e+00   4.756434e-31 
1.551000e+00   3.860600e-31 
1.578200e+00   3.139669e-31 
1.605500e+00   2.556660e-31 
1.632700e+00   2.087780e-31 
1.823100e+00   5.345417e-32 
2.040800e+00   1.246277e-32 
2.176900e+00   5.234974e-33 
2.340200e+00   1.911453e-33 
2.530600e+00   6.101150e-34 
2.829900e+00   1.056723e-34 
3.047600e+00   2.941980e-35 
3.401400e+00   3.355292e-36 
3.700700e+00   4.060428e-37 
4.000000e+00   2.224501e-38 
4.299300e+00   0.000000e+00 
4.680300e+00   0.000000e+00 
5.006800e+00   0.000000e+00 
