9.523900e-02   5.789784e-22 
9.796000e-02   4.590976e-22 
1.006800e-01   3.654419e-22 
1.034000e-01   2.919491e-22 
1.061200e-01   2.340528e-22 
1.088400e-01   1.882709e-22 
1.115700e-01   1.518171e-22 
1.142900e-01   1.229026e-22 
1.170100e-01   9.979493e-23 
1.197300e-01   8.126762e-23 
1.224500e-01   6.636564e-23 
1.251700e-01   5.434286e-23 
1.278900e-01   4.461449e-23 
1.306100e-01   3.672003e-23 
1.333300e-01   3.029631e-23 
1.360600e-01   2.503804e-23 
1.469400e-01   3.439618e-23 
1.496600e-01   3.030429e-23 
1.523800e-01   2.659185e-23 
1.551000e-01   2.330741e-23 
1.578200e-01   2.043217e-23 
1.605500e-01   1.791742e-23 
1.632700e-01   1.573715e-23 
1.659900e-01   1.383949e-23 
1.687100e-01   1.218648e-23 
1.714300e-01   1.074498e-23 
1.741500e-01   9.486267e-24 
1.768700e-01   8.385587e-24 
1.795900e-01   7.421700e-24 
1.823100e-01   6.576381e-24 
1.850400e-01   5.831450e-24 
1.877600e-01   5.178875e-24 
1.904800e-01   4.604214e-24 
1.933200e-01   4.076553e-24 
1.959200e-01   3.650109e-24 
1.986400e-01   3.254660e-24 
2.040800e-01   2.910010e-24 
2.068000e-01   2.613299e-24 
2.095300e-01   2.347270e-24 
2.122500e-01   2.111160e-24 
2.149700e-01   1.900856e-24 
2.176900e-01   1.713411e-24 
2.204100e-01   1.546173e-24 
2.231300e-01   1.396788e-24 
2.258500e-01   1.263184e-24 
2.285700e-01   1.143543e-24 
2.312900e-01   1.036272e-24 
2.340200e-01   9.396422e-25 
2.367400e-01   8.531317e-25 
2.394600e-01   7.752905e-25 
2.421800e-01   7.051715e-25 
2.449000e-01   6.419384e-25 
2.476200e-01   5.848568e-25 
2.503400e-01   5.332747e-25 
2.530600e-01   4.866148e-25 
2.557800e-01   4.443681e-25 
2.585100e-01   4.059474e-25 
2.612300e-01   3.712294e-25 
2.639500e-01   3.397093e-25 
2.666700e-01   3.110680e-25 
2.693900e-01   2.850210e-25 
2.721100e-01   2.613143e-25 
2.857200e-01   1.706668e-25 
2.993200e-01   1.129193e-25 
3.129300e-01   7.550726e-26 
3.265300e-01   5.098500e-26 
3.401400e-01   3.470320e-26 
3.537400e-01   2.380086e-26 
3.673500e-01   1.642562e-26 
3.809500e-01   1.140512e-26 
3.945600e-01   7.958664e-27 
4.081700e-01   5.580192e-27 
4.217700e-01   3.930491e-27 
4.353800e-01   2.778694e-27 
4.489800e-01   1.971952e-27 
4.625900e-01   1.403621e-27 
4.761900e-01   1.002286e-27 
4.898000e-01   7.174324e-28 
5.034000e-01   5.148739e-28 
5.170100e-01   3.701975e-28 
5.306100e-01   2.667290e-28 
5.578300e-01   1.390132e-28 
5.714300e-01   1.005508e-28 
5.850400e-01   7.276731e-29 
5.986400e-01   5.269840e-29 
6.122500e-01   3.816204e-29 
6.258500e-01   2.763717e-29 
6.394600e-01   2.000127e-29 
6.530600e-01   1.446699e-29 
6.666700e-01   1.044885e-29 
6.802800e-01   7.534540e-30 
6.938800e-01   5.423493e-30 
7.074900e-01   3.893210e-30 
7.210900e-01   2.786545e-30 
7.347000e-01   1.986628e-30 
7.483000e-01   1.410753e-30 
7.619100e-01   9.962557e-31 
7.755100e-01   6.995437e-31 
7.891200e-01   4.876685e-31 
8.027200e-01   3.371471e-31 
8.163300e-01   2.307688e-31 
8.299400e-01   1.561845e-31 
8.435400e-01   1.042521e-31 
8.571500e-01   6.842397e-32 
8.707500e-01   4.405425e-32 
8.843600e-01   2.766237e-32 
8.979600e-01   1.683432e-32 
9.115700e-01   9.845305e-33 
9.251700e-01   5.466598e-33 
9.387800e-01   2.821669e-33 
9.523900e-01   1.306754e-33 
9.659900e-01   5.117059e-34 
9.796000e-01   1.446797e-34 
9.932000e-01   1.750356e-35 
1.006800e+00   0.000000e+00 
1.020400e+00   0.000000e+00 
1.034000e+00   0.000000e+00 
1.047600e+00   0.000000e+00 
1.061200e+00   0.000000e+00 
1.074800e+00   0.000000e+00 
1.088400e+00   0.000000e+00 
1.102000e+00   0.000000e+00 
1.115700e+00   0.000000e+00 
1.129300e+00   0.000000e+00 
1.142900e+00   0.000000e+00 
1.156500e+00   0.000000e+00 
1.170100e+00   0.000000e+00 
1.183700e+00   0.000000e+00 
1.197300e+00   0.000000e+00 
1.210900e+00   0.000000e+00 
1.224500e+00   0.000000e+00 
1.227200e+00   0.000000e+00 
1.229900e+00   0.000000e+00 
1.232700e+00   0.000000e+00 
1.235400e+00   0.000000e+00 
1.238100e+00   0.000000e+00 
1.240800e+00   0.000000e+00 
1.243500e+00   0.000000e+00 
1.246300e+00   0.000000e+00 
1.249000e+00   0.000000e+00 
1.257200e+00   0.000000e+00 
1.259900e+00   0.000000e+00 
1.262600e+00   0.000000e+00 
1.265300e+00   0.000000e+00 
1.268000e+00   0.000000e+00 
1.270800e+00   0.000000e+00 
1.273500e+00   0.000000e+00 
1.276200e+00   0.000000e+00 
1.278900e+00   0.000000e+00 
1.281600e+00   0.000000e+00 
1.289800e+00   0.000000e+00 
1.292500e+00   0.000000e+00 
1.295200e+00   0.000000e+00 
1.298000e+00   0.000000e+00 
1.300700e+00   0.000000e+00 
1.303400e+00   0.000000e+00 
1.306100e+00   0.000000e+00 
1.308900e+00   0.000000e+00 
1.311600e+00   0.000000e+00 
1.314300e+00   0.000000e+00 
1.317000e+00   0.000000e+00 
1.319700e+00   0.000000e+00 
1.322500e+00   0.000000e+00 
1.352200e+00   0.000000e+00 
1.327900e+00   0.000000e+00 
1.330600e+00   0.000000e+00 
1.333300e+00   0.000000e+00 
1.336100e+00   0.000000e+00 
1.338800e+00   0.000000e+00 
1.341500e+00   0.000000e+00 
1.344200e+00   0.000000e+00 
1.346900e+00   0.000000e+00 
1.349700e+00   0.000000e+00 
1.352400e+00   0.000000e+00 
1.355100e+00   0.000000e+00 
1.357800e+00   0.000000e+00 
1.360600e+00   0.000000e+00 
1.363300e+00   0.000000e+00 
1.366000e+00   0.000000e+00 
1.368700e+00   0.000000e+00 
1.371400e+00   0.000000e+00 
1.374200e+00   0.000000e+00 
1.376900e+00   0.000000e+00 
1.379600e+00   0.000000e+00 
1.382300e+00   0.000000e+00 
1.385000e+00   0.000000e+00 
1.387800e+00   0.000000e+00 
1.390500e+00   0.000000e+00 
1.393200e+00   0.000000e+00 
1.395900e+00   0.000000e+00 
1.398700e+00   0.000000e+00 
1.401400e+00   0.000000e+00 
1.404100e+00   0.000000e+00 
1.406800e+00   0.000000e+00 
1.409500e+00   0.000000e+00 
1.412300e+00   0.000000e+00 
1.415000e+00   0.000000e+00 
1.417700e+00   0.000000e+00 
1.420400e+00   0.000000e+00 
1.423100e+00   0.000000e+00 
1.425900e+00   0.000000e+00 
1.428600e+00   0.000000e+00 
1.431300e+00   0.000000e+00 
1.434000e+00   0.000000e+00 
1.436700e+00   0.000000e+00 
1.439500e+00   0.000000e+00 
1.442200e+00   0.000000e+00 
1.444900e+00   0.000000e+00 
1.447600e+00   0.000000e+00 
1.450400e+00   0.000000e+00 
1.453100e+00   0.000000e+00 
1.455800e+00   0.000000e+00 
1.458500e+00   0.000000e+00 
1.461200e+00   0.000000e+00 
1.464000e+00   0.000000e+00 
1.466700e+00   0.000000e+00 
1.469400e+00   0.000000e+00 
1.472100e+00   0.000000e+00 
1.474800e+00   0.000000e+00 
1.477600e+00   0.000000e+00 
1.480300e+00   0.000000e+00 
1.483000e+00   0.000000e+00 
1.485700e+00   0.000000e+00 
1.488400e+00   0.000000e+00 
1.491200e+00   0.000000e+00 
1.493900e+00   0.000000e+00 
1.496600e+00   0.000000e+00 
1.523800e+00   0.000000e+00 
1.551000e+00   0.000000e+00 
1.578200e+00   0.000000e+00 
1.605500e+00   0.000000e+00 
1.632700e+00   0.000000e+00 
1.823100e+00   0.000000e+00 
2.040800e+00   0.000000e+00 
2.176900e+00   0.000000e+00 
2.340200e+00   0.000000e+00 
2.530600e+00   0.000000e+00 
2.829900e+00   0.000000e+00 
3.047600e+00   0.000000e+00 
3.401400e+00   0.000000e+00 
3.700700e+00   0.000000e+00 
4.000000e+00   0.000000e+00 
4.299300e+00   0.000000e+00 
4.680300e+00   0.000000e+00 
5.006800e+00   0.000000e+00 
