9.523900e-02   7.772449e-22 
9.796000e-02   6.223408e-22 
1.006800e-01   5.002558e-22 
1.034000e-01   4.036034e-22 
1.061200e-01   3.267823e-22 
1.088400e-01   2.654916e-22 
1.115700e-01   2.162473e-22 
1.142900e-01   1.768329e-22 
1.170100e-01   1.450458e-22 
1.197300e-01   1.193261e-22 
1.224500e-01   9.844773e-23 
1.251700e-01   8.144688e-23 
1.278900e-01   6.756159e-23 
1.306100e-01   5.618829e-23 
1.333300e-01   4.684641e-23 
1.360600e-01   3.912660e-23 
1.469400e-01   5.459853e-23 
1.496600e-01   4.856350e-23 
1.523800e-01   4.302632e-23 
1.551000e-01   3.807969e-23 
1.578200e-01   3.370982e-23 
1.605500e-01   2.985403e-23 
1.632700e-01   2.648200e-23 
1.659900e-01   2.352157e-23 
1.687100e-01   2.092055e-23 
1.714300e-01   1.863263e-23 
1.741500e-01   1.661736e-23 
1.768700e-01   1.483964e-23 
1.795900e-01   1.326914e-23 
1.823100e-01   1.187961e-23 
1.850400e-01   1.064406e-23 
1.877600e-01   9.551937e-24 
1.904800e-01   8.581446e-24 
1.933200e-01   7.682030e-24 
1.959200e-01   6.948419e-24 
1.986400e-01   6.261979e-24 
2.040800e-01   5.724463e-24 
2.068000e-01   5.195475e-24 
2.095300e-01   4.716030e-24 
2.122500e-01   4.286308e-24 
2.149700e-01   3.899952e-24 
2.176900e-01   3.552458e-24 
2.204100e-01   3.239614e-24 
2.231300e-01   2.957648e-24 
2.258500e-01   2.703197e-24 
2.285700e-01   2.473286e-24 
2.312900e-01   2.265291e-24 
2.340200e-01   2.076229e-24 
2.367400e-01   1.905423e-24 
2.394600e-01   1.750336e-24 
2.421800e-01   1.609357e-24 
2.449000e-01   1.481054e-24 
2.476200e-01   1.364165e-24 
2.503400e-01   1.257557e-24 
2.530600e-01   1.160228e-24 
2.557800e-01   1.071279e-24 
2.585100e-01   9.896235e-25 
2.612300e-01   9.151398e-25 
2.639500e-01   8.468758e-25 
2.666700e-01   7.842542e-25 
2.693900e-01   7.267587e-25 
2.721100e-01   6.739245e-25 
2.857200e-01   4.662775e-25 
2.993200e-01   3.272625e-25 
3.129300e-01   2.324852e-25 
3.265300e-01   1.670123e-25 
3.401400e-01   1.211284e-25 
3.537400e-01   8.865091e-26 
3.673500e-01   6.539160e-26 
3.809500e-01   4.860456e-26 
3.945600e-01   3.636809e-26 
4.081700e-01   2.738715e-26 
4.217700e-01   2.075261e-26 
4.353800e-01   1.581141e-26 
4.489800e-01   1.211386e-26 
4.625900e-01   9.326575e-27 
4.761900e-01   7.216931e-27 
4.898000e-01   5.609394e-27 
5.034000e-01   4.380125e-27 
5.170100e-01   3.434213e-27 
5.306100e-01   2.704102e-27 
5.578300e-01   1.695612e-27 
5.714300e-01   1.350394e-27 
5.850400e-01   1.079075e-27 
5.986400e-01   8.653516e-28 
6.122500e-01   6.961317e-28 
6.258500e-01   5.618735e-28 
6.394600e-01   4.548330e-28 
6.530600e-01   3.693369e-28 
6.666700e-01   3.007324e-28 
6.802800e-01   2.455551e-28 
6.938800e-01   2.010740e-28 
7.074900e-01   1.650574e-28 
7.210900e-01   1.358565e-28 
7.347000e-01   1.120814e-28 
7.483000e-01   9.270135e-29 
7.619100e-01   7.683919e-29 
7.755100e-01   6.384366e-29 
7.891200e-01   5.315494e-29 
8.027200e-01   4.435562e-29 
8.163300e-01   3.708437e-29 
8.299400e-01   3.106719e-29 
8.435400e-01   2.608042e-29 
8.571500e-01   2.193276e-29 
8.707500e-01   1.848104e-29 
8.843600e-01   1.559846e-29 
8.979600e-01   1.319002e-29 
9.115700e-01   1.117102e-29 
9.251700e-01   9.477769e-30 
9.387800e-01   8.053103e-30 
9.523900e-01   6.853316e-30 
9.659900e-01   5.841792e-30 
9.796000e-01   4.986329e-30 
9.932000e-01   4.262803e-30 
1.006800e+00   3.649318e-30 
1.020400e+00   3.128409e-30 
1.034000e+00   2.685418e-30 
1.047600e+00   2.308129e-30 
1.061200e+00   1.986356e-30 
1.074800e+00   1.711545e-30 
1.088400e+00   1.476498e-30 
1.102000e+00   1.275230e-30 
1.115700e+00   1.101470e-30 
1.129300e+00   9.534646e-31 
1.142900e+00   8.262277e-31 
1.156500e+00   7.167227e-31 
1.170100e+00   6.223675e-31 
1.183700e+00   5.409756e-31 
1.197300e+00   4.706800e-31 
1.210900e+00   4.099088e-31 
1.224500e+00   3.573163e-31 
1.227200e+00   3.477448e-31 
1.229900e+00   3.384390e-31 
1.232700e+00   3.290645e-31 
1.235400e+00   3.202833e-31 
1.238100e+00   3.117455e-31 
1.240800e+00   3.034491e-31 
1.243500e+00   2.953804e-31 
1.246300e+00   2.872514e-31 
1.249000e+00   2.796325e-31 
1.257200e+00   2.990442e-31 
1.259900e+00   2.912931e-31 
1.262600e+00   2.836117e-31 
1.265300e+00   2.760664e-31 
1.268000e+00   2.686950e-31 
1.270800e+00   2.612420e-31 
1.273500e+00   2.542503e-31 
1.276200e+00   2.474486e-31 
1.278900e+00   2.408350e-31 
1.281600e+00   2.344025e-31 
1.289800e+00   2.431679e-31 
1.292500e+00   2.368539e-31 
1.295200e+00   2.306289e-31 
1.298000e+00   2.243077e-31 
1.300700e+00   2.183611e-31 
1.303400e+00   2.125623e-31 
1.306100e+00   2.069208e-31 
1.308900e+00   2.012303e-31 
1.311600e+00   1.958969e-31 
1.314300e+00   1.907093e-31 
1.317000e+00   1.856641e-31 
1.319700e+00   1.807583e-31 
1.322500e+00   1.758146e-31 
1.352200e+00   1.312750e-31 
1.327900e+00   1.666716e-31 
1.330600e+00   1.622892e-31 
1.333300e+00   1.580269e-31 
1.336100e+00   1.537278e-31 
1.338800e+00   1.497010e-31 
1.341500e+00   1.457819e-31 
1.344200e+00   1.419708e-31 
1.346900e+00   1.382624e-31 
1.349700e+00   1.345241e-31 
1.352400e+00   1.310179e-31 
1.355100e+00   1.276078e-31 
1.357800e+00   1.242904e-31 
1.360600e+00   1.209438e-31 
1.363300e+00   1.178076e-31 
1.366000e+00   1.147536e-31 
1.368700e+00   1.117833e-31 
1.371400e+00   1.088938e-31 
1.374200e+00   1.059786e-31 
1.376900e+00   1.032437e-31 
1.379600e+00   1.005840e-31 
1.382300e+00   9.799427e-32 
1.385000e+00   9.547446e-32 
1.387800e+00   9.293274e-32 
1.390500e+00   9.054765e-32 
1.393200e+00   8.822719e-32 
1.395900e+00   8.596873e-32 
1.398700e+00   8.368901e-32 
1.401400e+00   8.155096e-32 
1.404100e+00   7.946888e-32 
1.406800e+00   7.744310e-32 
1.409500e+00   7.547021e-32 
1.412300e+00   7.348001e-32 
1.415000e+00   7.161266e-32 
1.417700e+00   6.979380e-32 
1.420400e+00   6.802378e-32 
1.423100e+00   6.630095e-32 
1.425900e+00   6.456037e-32 
1.428600e+00   6.292842e-32 
1.431300e+00   6.133895e-32 
1.434000e+00   5.979207e-32 
1.436700e+00   5.828366e-32 
1.439500e+00   5.676255e-32 
1.442200e+00   5.533493e-32 
1.444900e+00   5.394411e-32 
1.447600e+00   5.259005e-32 
1.450400e+00   5.122225e-32 
1.453100e+00   4.993895e-32 
1.455800e+00   2.740931e-31 
1.458500e+00   2.694260e-31 
1.461200e+00   2.640014e-31 
1.464000e+00   2.580038e-31 
1.466700e+00   2.521034e-31 
1.469400e+00   2.462118e-31 
1.472100e+00   2.403865e-31 
1.474800e+00   2.346626e-31 
1.477600e+00   2.288507e-31 
1.480300e+00   2.233753e-31 
1.483000e+00   2.180276e-31 
1.485700e+00   2.128060e-31 
1.488400e+00   2.077123e-31 
1.491200e+00   2.025626e-31 
1.493900e+00   1.977181e-31 
1.496600e+00   1.929960e-31 
1.523800e+00   1.513997e-31 
1.551000e+00   1.189294e-31 
1.578200e+00   9.354261e-32 
1.605500e+00   7.360492e-32 
1.632700e+00   5.804234e-32 
1.823100e+00   1.135049e-32 
2.040800e+00   1.814524e-33 
2.176900e+00   5.704497e-34 
2.340200e+00   1.355099e-34 
2.530600e+00   2.183095e-35 
2.829900e+00   4.434280e-37 
3.047600e+00   0.000000e+00 
3.401400e+00   0.000000e+00 
3.700700e+00   0.000000e+00 
4.000000e+00   0.000000e+00 
4.299300e+00   0.000000e+00 
4.680300e+00   0.000000e+00 
5.006800e+00   0.000000e+00 
