9.523900e-02   8.578071e-22 
9.796000e-02   6.890448e-22 
1.006800e-01   5.556504e-22 
1.034000e-01   4.497382e-22 
1.061200e-01   3.653113e-22 
1.088400e-01   2.977550e-22 
1.115700e-01   2.433174e-22 
1.142900e-01   1.996172e-22 
1.170100e-01   1.642703e-22 
1.197300e-01   1.355849e-22 
1.224500e-01   1.122297e-22 
1.251700e-01   9.315523e-23 
1.278900e-01   7.752970e-23 
1.306100e-01   6.469248e-23 
1.333300e-01   5.411627e-23 
1.360600e-01   4.534989e-23 
1.469400e-01   6.345501e-23 
1.496600e-01   5.660637e-23 
1.523800e-01   5.030035e-23 
1.551000e-01   4.464964e-23 
1.578200e-01   3.964379e-23 
1.605500e-01   3.521489e-23 
1.632700e-01   3.133132e-23 
1.659900e-01   2.791289e-23 
1.687100e-01   2.490160e-23 
1.714300e-01   2.224587e-23 
1.741500e-01   1.990051e-23 
1.768700e-01   1.782614e-23 
1.795900e-01   1.598870e-23 
1.823100e-01   1.435865e-23 
1.850400e-01   1.290539e-23 
1.877600e-01   1.161734e-23 
1.904800e-01   1.046967e-23 
1.933200e-01   9.403086e-24 
1.959200e-01   8.530741e-24 
1.986400e-01   7.712294e-24 
2.040800e-01   7.089097e-24 
2.068000e-01   6.453673e-24 
2.095300e-01   5.875846e-24 
2.122500e-01   5.356448e-24 
2.149700e-01   4.888214e-24 
2.176900e-01   4.465946e-24 
2.204100e-01   4.084824e-24 
2.231300e-01   3.740432e-24 
2.258500e-01   3.428861e-24 
2.285700e-01   3.146626e-24 
2.312900e-01   2.890650e-24 
2.340200e-01   2.657383e-24 
2.367400e-01   2.446115e-24 
2.394600e-01   2.253797e-24 
2.421800e-01   2.078527e-24 
2.449000e-01   1.918619e-24 
2.476200e-01   1.772562e-24 
2.503400e-01   1.639014e-24 
2.530600e-01   1.516779e-24 
2.557800e-01   1.404777e-24 
2.585100e-01   1.301695e-24 
2.612300e-01   1.207426e-24 
2.639500e-01   1.120803e-24 
2.666700e-01   1.041135e-24 
2.693900e-01   9.677965e-25 
2.721100e-01   9.002295e-25 
2.857200e-01   6.326826e-25 
2.993200e-01   4.511558e-25 
3.129300e-01   3.256957e-25 
3.265300e-01   2.378144e-25 
3.401400e-01   1.753489e-25 
3.537400e-01   1.304931e-25 
3.673500e-01   9.789469e-26 
3.809500e-01   7.401464e-26 
3.945600e-01   5.634355e-26 
4.081700e-01   4.317403e-26 
4.217700e-01   3.329364e-26 
4.353800e-01   2.581910e-26 
4.489800e-01   2.013680e-26 
4.625900e-01   1.578455e-26 
4.761900e-01   1.243698e-26 
4.898000e-01   9.844483e-27 
5.034000e-01   7.829369e-27 
5.170100e-01   6.253011e-27 
5.306100e-01   5.015935e-27 
5.578300e-01   3.265536e-27 
5.714300e-01   2.650377e-27 
5.850400e-01   2.158612e-27 
5.986400e-01   1.764550e-27 
6.122500e-01   1.447122e-27 
6.258500e-01   1.190881e-27 
6.394600e-01   9.830015e-28 
6.530600e-01   8.140308e-28 
6.666700e-01   6.760312e-28 
6.802800e-01   5.630609e-28 
6.938800e-01   4.703510e-28 
7.074900e-01   3.939329e-28 
7.210900e-01   3.308493e-28 
7.347000e-01   2.785482e-28 
7.483000e-01   2.351341e-28 
7.619100e-01   1.989447e-28 
7.755100e-01   1.687449e-28 
7.891200e-01   1.434428e-28 
8.027200e-01   1.222219e-28 
8.163300e-01   1.043564e-28 
8.299400e-01   8.929168e-29 
8.435400e-01   7.656856e-29 
8.571500e-01   6.578348e-29 
8.707500e-01   5.663499e-29 
8.843600e-01   4.884696e-29 
8.979600e-01   4.221318e-29 
9.115700e-01   3.654295e-29 
9.251700e-01   3.169391e-29 
9.387800e-01   2.753316e-29 
9.523900e-01   2.395920e-29 
9.659900e-01   2.088579e-29 
9.796000e-01   1.823415e-29 
9.932000e-01   1.594585e-29 
1.006800e+00   1.396626e-29 
1.020400e+00   1.225078e-29 
1.034000e+00   1.076185e-29 
1.047600e+00   9.467480e-30 
1.061200e+00   8.340470e-30 
1.074800e+00   7.357723e-30 
1.088400e+00   6.499510e-30 
1.102000e+00   5.748950e-30 
1.115700e+00   5.087077e-30 
1.129300e+00   4.511150e-30 
1.142900e+00   4.005345e-30 
1.156500e+00   3.560555e-30 
1.170100e+00   3.168901e-30 
1.183700e+00   2.823606e-30 
1.197300e+00   2.518784e-30 
1.210900e+00   2.249383e-30 
1.224500e+00   2.010982e-30 
1.227200e+00   1.967002e-30 
1.229900e+00   1.924056e-30 
1.232700e+00   1.880603e-30 
1.235400e+00   1.839706e-30 
1.238100e+00   1.799773e-30 
1.240800e+00   1.760778e-30 
1.243500e+00   1.722701e-30 
1.246300e+00   1.684152e-30 
1.249000e+00   1.647870e-30 
1.257200e+00   1.817161e-30 
1.259900e+00   1.779283e-30 
1.262600e+00   1.741312e-30 
1.265300e+00   1.703736e-30 
1.268000e+00   1.666784e-30 
1.270800e+00   1.629236e-30 
1.273500e+00   1.593820e-30 
1.276200e+00   1.559206e-30 
1.278900e+00   1.525385e-30 
1.281600e+00   1.492347e-30 
1.289800e+00   1.580977e-30 
1.292500e+00   1.547996e-30 
1.295200e+00   1.515188e-30 
1.298000e+00   1.481639e-30 
1.300700e+00   1.449895e-30 
1.303400e+00   1.418803e-30 
1.306100e+00   1.388391e-30 
1.308900e+00   1.357569e-30 
1.311600e+00   1.328534e-30 
1.314300e+00   1.300170e-30 
1.317000e+00   1.272456e-30 
1.319700e+00   1.245378e-30 
1.322500e+00   1.217961e-30 
1.352200e+00   9.642452e-31 
1.327900e+00   1.166911e-30 
1.330600e+00   1.142262e-30 
1.333300e+00   1.118177e-30 
1.336100e+00   1.093780e-30 
1.338800e+00   1.070799e-30 
1.341500e+00   1.048345e-30 
1.344200e+00   1.026398e-30 
1.346900e+00   1.004950e-30 
1.349700e+00   9.832195e-31 
1.352400e+00   9.627478e-31 
1.355100e+00   9.427338e-31 
1.357800e+00   9.231761e-31 
1.360600e+00   9.033535e-31 
1.363300e+00   8.846786e-31 
1.366000e+00   8.664194e-31 
1.368700e+00   8.485700e-31 
1.371400e+00   8.311170e-31 
1.374200e+00   8.134274e-31 
1.376900e+00   7.967596e-31 
1.379600e+00   7.804597e-31 
1.382300e+00   7.645203e-31 
1.385000e+00   7.489330e-31 
1.387800e+00   7.331350e-31 
1.390500e+00   7.182398e-31 
1.393200e+00   7.036757e-31 
1.395900e+00   6.894280e-31 
1.398700e+00   6.749850e-31 
1.401400e+00   6.613698e-31 
1.404100e+00   6.480503e-31 
1.406800e+00   6.350213e-31 
1.409500e+00   6.222796e-31 
1.412300e+00   6.093530e-31 
1.415000e+00   5.971680e-31 
1.417700e+00   5.852453e-31 
1.420400e+00   5.735803e-31 
1.423100e+00   5.621693e-31 
1.425900e+00   5.505960e-31 
1.428600e+00   5.396801e-31 
1.431300e+00   5.289981e-31 
1.434000e+00   5.185446e-31 
1.436700e+00   5.083171e-31 
1.439500e+00   4.979346e-31 
1.442200e+00   4.881467e-31 
1.444900e+00   4.785672e-31 
1.447600e+00   4.691922e-31 
1.450400e+00   4.596801e-31 
1.453100e+00   4.507063e-31 
1.455800e+00   2.437640e-30 
1.458500e+00   2.409593e-30 
1.461200e+00   2.374406e-30 
1.464000e+00   2.334156e-30 
1.466700e+00   2.293798e-30 
1.469400e+00   2.253015e-30 
1.472100e+00   2.212345e-30 
1.474800e+00   2.172096e-30 
1.477600e+00   2.130973e-30 
1.480300e+00   2.091999e-30 
1.483000e+00   2.053732e-30 
1.485700e+00   2.016177e-30 
1.488400e+00   1.979347e-30 
1.491200e+00   1.941916e-30 
1.493900e+00   1.906537e-30 
1.496600e+00   1.871848e-30 
1.523800e+00   1.557884e-30 
1.551000e+00   1.299568e-30 
1.578200e+00   1.086518e-30 
1.605500e+00   9.099017e-31 
1.632700e+00   7.642766e-31 
1.823100e+00   2.403243e-31 
2.040800e+00   7.224109e-32 
2.176900e+00   3.599816e-32 
2.340200e+00   1.636113e-32 
2.530600e+00   6.889840e-33 
2.829900e+00   1.953070e-33 
3.047600e+00   8.339075e-34 
3.401400e+00   2.262843e-34 
3.700700e+00   7.920475e-35 
4.000000e+00   2.851682e-35 
4.299300e+00   1.035294e-35 
4.680300e+00   2.877649e-36 
5.006800e+00   7.869576e-37 
