9.523900e-02   8.667907e-22 
9.796000e-02   6.964930e-22 
1.006800e-01   5.618435e-22 
1.034000e-01   4.549033e-22 
1.061200e-01   3.696306e-22 
1.088400e-01   3.013765e-22 
1.115700e-01   2.463603e-22 
1.142900e-01   2.021818e-22 
1.170100e-01   1.664375e-22 
1.197300e-01   1.374201e-22 
1.224500e-01   1.137876e-22 
1.251700e-01   9.448081e-23 
1.278900e-01   7.865984e-23 
1.306100e-01   6.565808e-23 
1.333300e-01   5.494288e-23 
1.360600e-01   4.605860e-23 
1.469400e-01   6.446239e-23 
1.496600e-01   5.752257e-23 
1.523800e-01   5.112992e-23 
1.551000e-01   4.539994e-23 
1.578200e-01   4.032234e-23 
1.605500e-01   3.582872e-23 
1.632700e-01   3.188735e-23 
1.659900e-01   2.841708e-23 
1.687100e-01   2.535928e-23 
1.714300e-01   2.266186e-23 
1.741500e-01   2.027898e-23 
1.768700e-01   1.817090e-23 
1.795900e-01   1.630306e-23 
1.823100e-01   1.464561e-23 
1.850400e-01   1.316751e-23 
1.877600e-01   1.185710e-23 
1.904800e-01   1.068916e-23 
1.933200e-01   9.603443e-24 
1.959200e-01   8.715199e-24 
1.986400e-01   7.881603e-24 
2.040800e-01   7.248504e-24 
2.068000e-01   6.600833e-24 
2.095300e-01   6.011685e-24 
2.122500e-01   5.481950e-24 
2.149700e-01   5.004250e-24 
2.176900e-01   4.573340e-24 
2.204100e-01   4.184315e-24 
2.231300e-01   3.832689e-24 
2.258500e-01   3.514495e-24 
2.285700e-01   3.226187e-24 
2.312900e-01   2.964631e-24 
2.340200e-01   2.726219e-24 
2.367400e-01   2.510239e-24 
2.394600e-01   2.313580e-24 
2.421800e-01   2.134313e-24 
2.449000e-01   1.970713e-24 
2.476200e-01   1.821245e-24 
2.503400e-01   1.684542e-24 
2.530600e-01   1.559386e-24 
2.557800e-01   1.444683e-24 
2.585100e-01   1.339087e-24 
2.612300e-01   1.242492e-24 
2.639500e-01   1.153710e-24 
2.666700e-01   1.072032e-24 
2.693900e-01   9.968283e-25 
2.721100e-01   9.275213e-25 
2.857200e-01   6.528836e-25 
2.993200e-01   4.662969e-25 
3.129300e-01   3.371645e-25 
3.265300e-01   2.465869e-25 
3.401400e-01   1.821139e-25 
3.537400e-01   1.357507e-25 
3.673500e-01   1.020081e-25 
3.809500e-01   7.725358e-26 
3.945600e-01   5.890833e-26 
4.081700e-01   4.521588e-26 
4.217700e-01   3.492761e-26 
4.353800e-01   2.713272e-26 
4.489800e-01   2.119772e-26 
4.625900e-01   1.664493e-26 
4.761900e-01   1.313770e-26 
4.898000e-01   1.041726e-26 
5.034000e-01   8.299392e-27 
5.170100e-01   6.640046e-27 
5.306100e-01   5.335772e-27 
5.578300e-01   3.486061e-27 
5.714300e-01   2.834378e-27 
5.850400e-01   2.312586e-27 
5.986400e-01   1.893788e-27 
6.122500e-01   1.555890e-27 
6.258500e-01   1.282682e-27 
6.394600e-01   1.060681e-27 
6.530600e-01   8.799386e-28 
6.666700e-01   7.320840e-28 
6.802800e-01   6.108473e-28 
6.938800e-01   5.111948e-28 
7.074900e-01   4.289172e-28 
7.210900e-01   3.608855e-28 
7.347000e-01   3.043902e-28 
7.483000e-01   2.574170e-28 
7.619100e-01   2.181975e-28 
7.755100e-01   1.854140e-28 
7.891200e-01   1.579022e-28 
8.027200e-01   1.347906e-28 
8.163300e-01   1.152998e-28 
8.299400e-01   9.883817e-29 
8.435400e-01   8.491192e-29 
8.571500e-01   7.308725e-29 
8.707500e-01   6.304011e-29 
8.843600e-01   5.447270e-29 
8.979600e-01   4.716281e-29 
9.115700e-01   4.090415e-29 
9.251700e-01   3.554288e-29 
9.387800e-01   3.093479e-29 
9.523900e-01   2.696994e-29 
9.659900e-01   2.355449e-29 
9.796000e-01   2.060292e-29 
9.932000e-01   1.805146e-29 
1.006800e+00   1.584031e-29 
1.020400e+00   1.392100e-29 
1.034000e+00   1.225225e-29 
1.047600e+00   1.079909e-29 
1.061200e+00   9.531721e-30 
1.074800e+00   8.424674e-30 
1.088400e+00   7.456230e-30 
1.102000e+00   6.607863e-30 
1.115700e+00   5.858439e-30 
1.129300e+00   5.205161e-30 
1.142900e+00   4.630470e-30 
1.156500e+00   4.124230e-30 
1.170100e+00   3.677680e-30 
1.183700e+00   3.283310e-30 
1.197300e+00   2.934574e-30 
1.210900e+00   2.625802e-30 
1.224500e+00   2.352093e-30 
1.227200e+00   2.301541e-30 
1.229900e+00   2.252167e-30 
1.232700e+00   2.202184e-30 
1.235400e+00   2.155134e-30 
1.238100e+00   2.109172e-30 
1.240800e+00   2.064278e-30 
1.243500e+00   2.020421e-30 
1.246300e+00   1.976010e-30 
1.249000e+00   1.934186e-30 
1.257200e+00   2.138847e-30 
1.259900e+00   2.095079e-30 
1.262600e+00   2.051174e-30 
1.265300e+00   2.007698e-30 
1.268000e+00   1.964911e-30 
1.270800e+00   1.921418e-30 
1.273500e+00   1.880383e-30 
1.276200e+00   1.840261e-30 
1.278900e+00   1.801041e-30 
1.281600e+00   1.762719e-30 
1.289800e+00   1.870636e-30 
1.292500e+00   1.832333e-30 
1.295200e+00   1.794191e-30 
1.298000e+00   1.755179e-30 
1.300700e+00   1.718250e-30 
1.303400e+00   1.682057e-30 
1.306100e+00   1.646641e-30 
1.308900e+00   1.610738e-30 
1.311600e+00   1.576906e-30 
1.314300e+00   1.543846e-30 
1.317000e+00   1.511527e-30 
1.319700e+00   1.479942e-30 
1.322500e+00   1.447948e-30 
1.352200e+00   1.151284e-30 
1.327900e+00   1.388345e-30 
1.330600e+00   1.359550e-30 
1.333300e+00   1.331409e-30 
1.336100e+00   1.302884e-30 
1.338800e+00   1.276015e-30 
1.341500e+00   1.249744e-30 
1.344200e+00   1.224064e-30 
1.346900e+00   1.198955e-30 
1.349700e+00   1.173510e-30 
1.352400e+00   1.149525e-30 
1.355100e+00   1.126076e-30 
1.357800e+00   1.103144e-30 
1.360600e+00   1.079902e-30 
1.363300e+00   1.057993e-30 
1.366000e+00   1.036565e-30 
1.368700e+00   1.015606e-30 
1.371400e+00   9.951113e-31 
1.374200e+00   9.743349e-31 
1.376900e+00   9.547398e-31 
1.379600e+00   9.355788e-31 
1.382300e+00   9.168344e-31 
1.385000e+00   8.984969e-31 
1.387800e+00   8.799012e-31 
1.390500e+00   8.623672e-31 
1.393200e+00   8.452152e-31 
1.395900e+00   8.284307e-31 
1.398700e+00   8.114070e-31 
1.401400e+00   7.953524e-31 
1.404100e+00   7.796464e-31 
1.406800e+00   7.642735e-31 
1.409500e+00   7.492319e-31 
1.412300e+00   7.339740e-31 
1.415000e+00   7.195815e-31 
1.417700e+00   7.054942e-31 
1.420400e+00   6.917078e-31 
1.423100e+00   6.782157e-31 
1.425900e+00   6.645251e-31 
1.428600e+00   6.515998e-31 
1.431300e+00   6.389589e-31 
1.434000e+00   6.265810e-31 
1.436700e+00   6.144668e-31 
1.439500e+00   6.021722e-31 
1.442200e+00   5.905693e-31 
1.444900e+00   5.792104e-31 
1.447600e+00   5.680886e-31 
1.450400e+00   5.568021e-31 
1.453100e+00   5.461502e-31 
1.455800e+00   2.948877e-30 
1.458500e+00   2.916080e-30 
1.461200e+00   2.874645e-30 
1.464000e+00   2.827074e-30 
1.466700e+00   2.779303e-30 
1.469400e+00   2.730975e-30 
1.472100e+00   2.682759e-30 
1.474800e+00   2.635009e-30 
1.477600e+00   2.586203e-30 
1.480300e+00   2.539926e-30 
1.483000e+00   2.494464e-30 
1.485700e+00   2.449842e-30 
1.488400e+00   2.406068e-30 
1.491200e+00   2.361541e-30 
1.493900e+00   2.319455e-30 
1.496600e+00   2.278170e-30 
1.523800e+00   1.903817e-30 
1.551000e+00   1.594658e-30 
1.578200e+00   1.338727e-30 
1.605500e+00   1.125771e-30 
1.632700e+00   9.495302e-31 
1.823100e+00   3.075053e-31 
2.040800e+00   9.573778e-32 
2.176900e+00   4.876843e-32 
2.340200e+00   2.278205e-32 
2.530600e+00   9.930833e-33 
2.829900e+00   2.977529e-33 
3.047600e+00   1.317550e-33 
3.401400e+00   3.827140e-34 
3.700700e+00   1.424152e-34 
4.000000e+00   5.708598e-35 
4.299300e+00   2.150107e-35 
4.680300e+00   6.729449e-36 
5.006800e+00   2.446779e-36 
