9.523900e-02   7.633782e-22 
9.796000e-02   6.108867e-22 
1.006800e-01   4.907646e-22 
1.034000e-01   3.957167e-22 
1.061200e-01   3.202103e-22 
1.088400e-01   2.599999e-22 
1.115700e-01   2.116499e-22 
1.142900e-01   1.729712e-22 
1.170100e-01   1.417950e-22 
1.197300e-01   1.165824e-22 
1.224500e-01   9.612673e-23 
1.251700e-01   7.947918e-23 
1.278900e-01   6.588963e-23 
1.306100e-01   5.476492e-23 
1.333300e-01   4.563203e-23 
1.360600e-01   3.808910e-23 
1.469400e-01   5.312078e-23 
1.496600e-01   4.722365e-23 
1.523800e-01   4.181645e-23 
1.551000e-01   3.698854e-23 
1.578200e-01   3.272582e-23 
1.605500e-01   2.896640e-23 
1.632700e-01   2.568028e-23 
1.659900e-01   2.279672e-23 
1.687100e-01   2.026439e-23 
1.714300e-01   1.803802e-23 
1.741500e-01   1.607792e-23 
1.768700e-01   1.434974e-23 
1.795900e-01   1.282372e-23 
1.823100e-01   1.147419e-23 
1.850400e-01   1.027484e-23 
1.877600e-01   9.215240e-24 
1.904800e-01   8.274117e-24 
1.933200e-01   7.402384e-24 
1.959200e-01   6.691709e-24 
1.986400e-01   6.027053e-24 
2.040800e-01   5.503673e-24 
2.068000e-01   4.992200e-24 
2.095300e-01   4.528908e-24 
2.122500e-01   4.113901e-24 
2.149700e-01   3.740964e-24 
2.176900e-01   3.405696e-24 
2.204100e-01   3.104006e-24 
2.231300e-01   2.832232e-24 
2.258500e-01   2.587092e-24 
2.285700e-01   2.365707e-24 
2.312900e-01   2.165517e-24 
2.340200e-01   1.983637e-24 
2.367400e-01   1.819406e-24 
2.394600e-01   1.670356e-24 
2.421800e-01   1.534930e-24 
2.449000e-01   1.411746e-24 
2.476200e-01   1.299569e-24 
2.503400e-01   1.197312e-24 
2.530600e-01   1.104000e-24 
2.557800e-01   1.018766e-24 
2.585100e-01   9.405570e-25 
2.612300e-01   8.692550e-25 
2.639500e-01   8.039397e-25 
2.666700e-01   7.440510e-25 
2.693900e-01   6.890928e-25 
2.721100e-01   6.386156e-25 
2.857200e-01   4.405195e-25 
2.993200e-01   3.082388e-25 
3.129300e-01   2.182889e-25 
3.265300e-01   1.563189e-25 
3.401400e-01   1.130095e-25 
3.537400e-01   8.244001e-26 
3.673500e-01   6.060969e-26 
3.809500e-01   4.489964e-26 
3.945600e-01   3.348213e-26 
4.081700e-01   2.512744e-26 
4.217700e-01   1.897426e-26 
4.353800e-01   1.440575e-26 
4.489800e-01   1.099778e-26 
4.625900e-01   8.436898e-27 
4.761900e-01   6.504824e-27 
4.898000e-01   5.037378e-27 
5.034000e-01   3.918899e-27 
5.170100e-01   3.061110e-27 
5.306100e-01   2.401213e-27 
5.578300e-01   1.494152e-27 
5.714300e-01   1.185322e-27 
5.850400e-01   9.434486e-28 
5.986400e-01   7.535875e-28 
6.122500e-01   6.037919e-28 
6.258500e-01   4.853730e-28 
6.394600e-01   3.913005e-28 
6.530600e-01   3.164386e-28 
6.666700e-01   2.565864e-28 
6.802800e-01   2.086269e-28 
6.938800e-01   1.701106e-28 
7.074900e-01   1.390419e-28 
7.210900e-01   1.139483e-28 
7.347000e-01   9.359575e-29 
7.483000e-01   7.706982e-29 
7.619100e-01   6.359762e-29 
7.755100e-01   5.260368e-29 
7.891200e-01   4.359710e-29 
8.027200e-01   3.621278e-29 
8.163300e-01   3.013586e-29 
8.299400e-01   2.512772e-29 
8.435400e-01   2.099453e-29 
8.571500e-01   1.757117e-29 
8.707500e-01   1.473435e-29 
8.843600e-01   1.237542e-29 
8.979600e-01   1.041298e-29 
9.115700e-01   8.775063e-30 
9.251700e-01   7.407477e-30 
9.387800e-01   6.261945e-30 
9.523900e-01   5.301594e-30 
9.659900e-01   4.495549e-30 
9.796000e-01   3.817062e-30 
9.932000e-01   3.245804e-30 
1.006800e+00   2.763769e-30 
1.020400e+00   2.356360e-30 
1.034000e+00   2.011551e-30 
1.047600e+00   1.719319e-30 
1.061200e+00   1.471302e-30 
1.074800e+00   1.260510e-30 
1.088400e+00   1.081156e-30 
1.102000e+00   9.283318e-31 
1.115700e+00   7.970742e-31 
1.129300e+00   6.858468e-31 
1.142900e+00   5.907350e-31 
1.156500e+00   5.093119e-31 
1.170100e+00   4.395242e-31 
1.183700e+00   3.796500e-31 
1.197300e+00   3.282229e-31 
1.210900e+00   2.840054e-31 
1.224500e+00   2.459532e-31 
1.227200e+00   2.390526e-31 
1.229900e+00   2.323490e-31 
1.232700e+00   2.256086e-31 
1.235400e+00   2.192983e-31 
1.238100e+00   2.131730e-31 
1.240800e+00   2.072243e-31 
1.243500e+00   2.014457e-31 
1.246300e+00   1.956323e-31 
1.249000e+00   1.901898e-31 
1.257200e+00   2.019553e-31 
1.259900e+00   1.964493e-31 
1.262600e+00   1.910074e-31 
1.265300e+00   1.856728e-31 
1.268000e+00   1.804690e-31 
1.270800e+00   1.752170e-31 
1.273500e+00   1.702953e-31 
1.276200e+00   1.655124e-31 
1.278900e+00   1.608677e-31 
1.281600e+00   1.563556e-31 
1.289800e+00   1.613464e-31 
1.292500e+00   1.569410e-31 
1.295200e+00   1.526011e-31 
1.298000e+00   1.482027e-31 
1.300700e+00   1.440699e-31 
1.303400e+00   1.400455e-31 
1.306100e+00   1.361371e-31 
1.308900e+00   1.321990e-31 
1.311600e+00   1.285127e-31 
1.314300e+00   1.249326e-31 
1.317000e+00   1.214528e-31 
1.319700e+00   1.180747e-31 
1.322500e+00   1.146737e-31 
1.352200e+00   8.425682e-32 
1.327900e+00   1.083981e-31 
1.330600e+00   1.053934e-31 
1.333300e+00   1.024762e-31 
1.336100e+00   9.953793e-32 
1.338800e+00   9.678821e-32 
1.341500e+00   9.411651e-32 
1.344200e+00   9.152002e-32 
1.346900e+00   8.899881e-32 
1.349700e+00   8.645922e-32 
1.352400e+00   8.408279e-32 
1.355100e+00   8.177211e-32 
1.357800e+00   7.952788e-32 
1.360600e+00   7.726819e-32 
1.363300e+00   7.515037e-32 
1.366000e+00   7.309341e-32 
1.368700e+00   7.109472e-32 
1.371400e+00   6.915129e-32 
1.374200e+00   6.719418e-32 
1.376900e+00   6.536127e-32 
1.379600e+00   6.357896e-32 
1.382300e+00   6.184789e-32 
1.385000e+00   6.016509e-32 
1.387800e+00   5.846987e-32 
1.390500e+00   5.688183e-32 
1.393200e+00   5.533845e-32 
1.395900e+00   5.383732e-32 
1.398700e+00   5.232566e-32 
1.401400e+00   5.090929e-32 
1.404100e+00   4.953192e-32 
1.406800e+00   4.819490e-32 
1.409500e+00   4.689247e-32 
1.412300e+00   4.558112e-32 
1.415000e+00   4.435218e-32 
1.417700e+00   4.315750e-32 
1.420400e+00   4.199610e-32 
1.423100e+00   4.086588e-32 
1.425900e+00   3.972808e-32 
1.428600e+00   3.866129e-32 
1.431300e+00   3.762366e-32 
1.434000e+00   3.661467e-32 
1.436700e+00   3.563435e-32 
1.439500e+00   3.464599e-32 
1.442200e+00   3.371878e-32 
1.444900e+00   3.281780e-32 
1.447600e+00   3.194145e-32 
1.450400e+00   3.105768e-32 
1.453100e+00   3.022912e-32 
1.455800e+00   1.663548e-31 
1.458500e+00   1.632565e-31 
1.461200e+00   1.597018e-31 
1.464000e+00   1.558041e-31 
1.466700e+00   1.519886e-31 
1.469400e+00   1.481833e-31 
1.472100e+00   1.444330e-31 
1.474800e+00   1.407553e-31 
1.477600e+00   1.370268e-31 
1.480300e+00   1.335197e-31 
1.483000e+00   1.301009e-31 
1.485700e+00   1.267658e-31 
1.488400e+00   1.235205e-31 
1.491200e+00   1.202416e-31 
1.493900e+00   1.171654e-31 
1.496600e+00   1.141662e-31 
1.523800e+00   8.797520e-32 
1.551000e+00   6.784392e-32 
1.578200e+00   5.235052e-32 
1.605500e+00   4.038237e-32 
1.632700e+00   3.119708e-32 
1.823100e+00   5.151828e-33 
2.040800e+00   6.245984e-34 
2.176900e+00   1.520030e-34 
2.340200e+00   2.225196e-35 
2.530600e+00   9.911019e-37 
2.829900e+00   0.000000e+00 
3.047600e+00   0.000000e+00 
3.401400e+00   0.000000e+00 
3.700700e+00   0.000000e+00 
4.000000e+00   0.000000e+00 
4.299300e+00   0.000000e+00 
4.680300e+00   0.000000e+00 
5.006800e+00   0.000000e+00 
