9.523900e-02   7.884814e-22 
9.796000e-02   6.316372e-22 
1.006800e-01   5.079638e-22 
1.034000e-01   4.100124e-22 
1.061200e-01   3.321267e-22 
1.088400e-01   2.699591e-22 
1.115700e-01   2.199896e-22 
1.142900e-01   1.799771e-22 
1.170100e-01   1.476950e-22 
1.197300e-01   1.215628e-22 
1.224500e-01   1.003405e-22 
1.251700e-01   8.305224e-23 
1.278900e-01   6.892634e-23 
1.306100e-01   5.735085e-23 
1.333300e-01   4.783852e-23 
1.360600e-01   3.997460e-23 
1.469400e-01   5.580379e-23 
1.496600e-01   4.965681e-23 
1.523800e-01   4.401387e-23 
1.551000e-01   3.897056e-23 
1.578200e-01   3.451349e-23 
1.605500e-01   3.057927e-23 
1.632700e-01   2.713728e-23 
1.659900e-01   2.411426e-23 
1.687100e-01   2.145721e-23 
1.714300e-01   1.911916e-23 
1.741500e-01   1.705895e-23 
1.768700e-01   1.524088e-23 
1.795900e-01   1.363410e-23 
1.823100e-01   1.221187e-23 
1.850400e-01   1.094679e-23 
1.877600e-01   9.828125e-24 
1.904800e-01   8.833648e-24 
1.933200e-01   7.911611e-24 
1.959200e-01   7.159270e-24 
1.986400e-01   6.454990e-24 
2.040800e-01   5.905950e-24 
2.068000e-01   5.362628e-24 
2.095300e-01   4.869943e-24 
2.122500e-01   4.428175e-24 
2.149700e-01   4.030832e-24 
2.176900e-01   3.673305e-24 
2.204100e-01   3.351316e-24 
2.231300e-01   3.060989e-24 
2.258500e-01   2.798896e-24 
2.285700e-01   2.561997e-24 
2.312900e-01   2.347593e-24 
2.340200e-01   2.152636e-24 
2.367400e-01   1.976439e-24 
2.394600e-01   1.816393e-24 
2.421800e-01   1.670848e-24 
2.449000e-01   1.538345e-24 
2.476200e-01   1.417582e-24 
2.503400e-01   1.307396e-24 
2.530600e-01   1.206765e-24 
2.557800e-01   1.114762e-24 
2.585100e-01   1.030268e-24 
2.612300e-01   9.531678e-25 
2.639500e-01   8.824760e-25 
2.666700e-01   8.176018e-25 
2.693900e-01   7.580154e-25 
2.721100e-01   7.032384e-25 
2.857200e-01   4.877104e-25 
2.993200e-01   3.431271e-25 
3.129300e-01   2.443492e-25 
3.265300e-01   1.759693e-25 
3.401400e-01   1.279452e-25 
3.537400e-01   9.387848e-26 
3.673500e-01   6.942643e-26 
3.809500e-01   5.173832e-26 
3.945600e-01   3.881523e-26 
4.081700e-01   2.930816e-26 
4.217700e-01   2.226833e-26 
4.353800e-01   1.701263e-26 
4.489800e-01   1.307015e-26 
4.625900e-01   1.009090e-26 
4.761900e-01   7.830354e-27 
4.898000e-01   6.103489e-27 
5.034000e-01   4.779604e-27 
5.170100e-01   3.758289e-27 
5.306100e-01   2.967915e-27 
5.578300e-01   1.872076e-27 
5.714300e-01   1.495398e-27 
5.850400e-01   1.198565e-27 
5.986400e-01   9.641102e-28 
6.122500e-01   7.779637e-28 
6.258500e-01   6.298716e-28 
6.394600e-01   5.114750e-28 
6.530600e-01   4.166433e-28 
6.666700e-01   3.403317e-28 
6.802800e-01   2.787818e-28 
6.938800e-01   2.290199e-28 
7.074900e-01   1.886127e-28 
7.210900e-01   1.557559e-28 
7.347000e-01   1.289254e-28 
7.483000e-01   1.069899e-28 
7.619100e-01   8.898287e-29 
7.755100e-01   7.418566e-29 
7.891200e-01   6.197791e-29 
8.027200e-01   5.189716e-29 
8.163300e-01   4.354158e-29 
8.299400e-01   3.660560e-29 
8.435400e-01   3.083938e-29 
8.571500e-01   2.602816e-29 
8.707500e-01   2.201149e-29 
8.843600e-01   1.864623e-29 
8.979600e-01   1.582552e-29 
9.115700e-01   1.345306e-29 
9.251700e-01   1.145673e-29 
9.387800e-01   9.771506e-30 
9.523900e-01   8.347531e-30 
9.659900e-01   7.142927e-30 
9.796000e-01   6.120715e-30 
9.932000e-01   5.253116e-30 
1.006800e+00   4.515007e-30 
1.020400e+00   3.886051e-30 
1.034000e+00   3.349261e-30 
1.047600e+00   2.890464e-30 
1.061200e+00   2.497767e-30 
1.074800e+00   2.161157e-30 
1.088400e+00   1.872218e-30 
1.102000e+00   1.623872e-30 
1.115700e+00   1.408661e-30 
1.129300e+00   1.224650e-30 
1.142900e+00   1.065882e-30 
1.156500e+00   9.287050e-31 
1.170100e+00   8.100495e-31 
1.183700e+00   7.072915e-31 
1.197300e+00   6.181923e-31 
1.210900e+00   5.408584e-31 
1.224500e+00   4.736587e-31 
1.227200e+00   4.613970e-31 
1.229900e+00   4.494694e-31 
1.232700e+00   4.374451e-31 
1.235400e+00   4.261684e-31 
1.238100e+00   4.151969e-31 
1.240800e+00   4.045259e-31 
1.243500e+00   3.941439e-31 
1.246300e+00   3.836689e-31 
1.249000e+00   3.738483e-31 
1.257200e+00   4.018782e-31 
1.259900e+00   3.918409e-31 
1.262600e+00   3.818718e-31 
1.265300e+00   3.720671e-31 
1.268000e+00   3.624775e-31 
1.270800e+00   3.527756e-31 
1.273500e+00   3.436658e-31 
1.276200e+00   3.347941e-31 
1.278900e+00   3.261604e-31 
1.281600e+00   3.177585e-31 
1.289800e+00   3.308797e-31 
1.292500e+00   3.226081e-31 
1.295200e+00   3.144373e-31 
1.298000e+00   3.061279e-31 
1.300700e+00   2.983050e-31 
1.303400e+00   2.906702e-31 
1.306100e+00   2.832348e-31 
1.308900e+00   2.757294e-31 
1.311600e+00   2.686867e-31 
1.314300e+00   2.618324e-31 
1.317000e+00   2.551618e-31 
1.319700e+00   2.486657e-31 
1.322500e+00   2.421148e-31 
1.352200e+00   1.828087e-31 
1.327900e+00   2.299875e-31 
1.330600e+00   2.241633e-31 
1.333300e+00   2.184957e-31 
1.336100e+00   2.127784e-31 
1.338800e+00   2.074113e-31 
1.341500e+00   2.021873e-31 
1.344200e+00   1.971027e-31 
1.346900e+00   1.921513e-31 
1.349700e+00   1.871544e-31 
1.352400e+00   1.824646e-31 
1.355100e+00   1.778990e-31 
1.357800e+00   1.734522e-31 
1.360600e+00   1.689638e-31 
1.363300e+00   1.647519e-31 
1.366000e+00   1.606499e-31 
1.368700e+00   1.566533e-31 
1.371400e+00   1.527633e-31 
1.374200e+00   1.488344e-31 
1.376900e+00   1.451470e-31 
1.379600e+00   1.415555e-31 
1.382300e+00   1.380561e-31 
1.385000e+00   1.346473e-31 
1.387800e+00   1.312063e-31 
1.390500e+00   1.279752e-31 
1.393200e+00   1.248274e-31 
1.395900e+00   1.217606e-31 
1.398700e+00   1.186651e-31 
1.401400e+00   1.157570e-31 
1.404100e+00   1.129237e-31 
1.406800e+00   1.101627e-31 
1.409500e+00   1.074728e-31 
1.412300e+00   1.047562e-31 
1.415000e+00   1.022038e-31 
1.417700e+00   9.971707e-32 
1.420400e+00   9.729337e-32 
1.423100e+00   9.493224e-32 
1.425900e+00   9.254654e-32 
1.428600e+00   9.030507e-32 
1.431300e+00   8.812010e-32 
1.434000e+00   8.599151e-32 
1.436700e+00   8.391571e-32 
1.439500e+00   8.182034e-32 
1.442200e+00   7.984967e-32 
1.444900e+00   7.793009e-32 
1.447600e+00   7.605799e-32 
1.450400e+00   7.416720e-32 
1.453100e+00   7.239026e-32 
1.455800e+00   3.964832e-31 
1.458500e+00   3.901683e-31 
1.461200e+00   3.827368e-31 
1.464000e+00   3.744782e-31 
1.466700e+00   3.663302e-31 
1.469400e+00   3.581721e-31 
1.472100e+00   3.500991e-31 
1.474800e+00   3.421507e-31 
1.477600e+00   3.340730e-31 
1.480300e+00   3.264531e-31 
1.483000e+00   3.190060e-31 
1.485700e+00   3.117279e-31 
1.488400e+00   3.046189e-31 
1.491200e+00   2.974224e-31 
1.493900e+00   2.906516e-31 
1.496600e+00   2.840389e-31 
1.523800e+00   2.254897e-31 
1.551000e+00   1.793135e-31 
1.578200e+00   1.428166e-31 
1.605500e+00   1.138405e-31 
1.632700e+00   9.096842e-32 
1.823100e+00   1.975123e-32 
2.040800e+00   3.683826e-33 
2.176900e+00   1.312360e-33 
2.340200e+00   3.797355e-34 
2.530600e+00   8.635963e-35 
2.829900e+00   6.714115e-36 
3.047600e+00   6.478058e-37 
3.401400e+00   0.000000e+00 
3.700700e+00   0.000000e+00 
4.000000e+00   0.000000e+00 
4.299300e+00   0.000000e+00 
4.680300e+00   0.000000e+00 
5.006800e+00   0.000000e+00 
