9.523900e-02   8.225839e-22 
9.796000e-02   6.598628e-22 
1.006800e-01   5.314025e-22 
1.034000e-01   4.295310e-22 
1.061200e-01   3.484252e-22 
1.088400e-01   2.836047e-22 
1.115700e-01   2.314368e-22 
1.142900e-01   1.896105e-22 
1.170100e-01   1.558215e-22 
1.197300e-01   1.284343e-22 
1.224500e-01   1.061641e-22 
1.251700e-01   8.799837e-23 
1.278900e-01   7.313618e-23 
1.306100e-01   6.094134e-23 
1.333300e-01   5.090712e-23 
1.360600e-01   4.260056e-23 
1.469400e-01   5.954135e-23 
1.496600e-01   5.304987e-23 
1.523800e-01   4.708158e-23 
1.551000e-01   4.174038e-23 
1.578200e-01   3.701428e-23 
1.605500e-01   3.283766e-23 
1.632700e-01   2.917944e-23 
1.659900e-01   2.596284e-23 
1.687100e-01   2.313249e-23 
1.714300e-01   2.063905e-23 
1.741500e-01   1.843942e-23 
1.768700e-01   1.649612e-23 
1.795900e-01   1.477668e-23 
1.823100e-01   1.325301e-23 
1.850400e-01   1.189611e-23 
1.877600e-01   1.069482e-23 
1.904800e-01   9.625674e-24 
1.933200e-01   8.633203e-24 
1.959200e-01   7.822433e-24 
1.986400e-01   7.062581e-24 
2.040800e-01   6.477561e-24 
2.068000e-01   5.889428e-24 
2.095300e-01   5.355372e-24 
2.122500e-01   4.875892e-24 
2.149700e-01   4.444121e-24 
2.176900e-01   4.055179e-24 
2.204100e-01   3.704489e-24 
2.231300e-01   3.387944e-24 
2.258500e-01   3.101870e-24 
2.285700e-01   2.843007e-24 
2.312900e-01   2.608469e-24 
2.340200e-01   2.394970e-24 
2.367400e-01   2.201806e-24 
2.394600e-01   2.026158e-24 
2.421800e-01   1.866252e-24 
2.449000e-01   1.720507e-24 
2.476200e-01   1.587533e-24 
2.503400e-01   1.466074e-24 
2.530600e-01   1.355020e-24 
2.557800e-01   1.253375e-24 
2.585100e-01   1.159926e-24 
2.612300e-01   1.074557e-24 
2.639500e-01   9.961963e-25 
2.666700e-01   9.242022e-25 
2.693900e-01   8.580031e-25 
2.721100e-01   7.970763e-25 
2.857200e-01   5.565747e-25 
2.993200e-01   3.942950e-25 
3.129300e-01   2.827670e-25 
3.265300e-01   2.050908e-25 
3.401400e-01   1.501993e-25 
3.537400e-01   1.110150e-25 
3.673500e-01   8.270889e-26 
3.809500e-01   6.209901e-26 
3.945600e-01   4.694156e-26 
4.081700e-01   3.571561e-26 
4.217700e-01   2.734630e-26 
4.353800e-01   2.105506e-26 
4.489800e-01   1.630297e-26 
4.625900e-01   1.268672e-26 
4.761900e-01   9.923345e-27 
4.898000e-01   7.797268e-27 
5.034000e-01   6.155575e-27 
5.170100e-01   4.879857e-27 
5.306100e-01   3.885372e-27 
5.578300e-01   2.491780e-27 
5.714300e-01   2.007159e-27 
5.850400e-01   1.622379e-27 
5.986400e-01   1.316138e-27 
6.122500e-01   1.071149e-27 
6.258500e-01   8.747394e-28 
6.394600e-01   7.164986e-28 
6.530600e-01   5.887653e-28 
6.666700e-01   4.851685e-28 
6.802800e-01   4.009503e-28 
6.938800e-01   3.323234e-28 
7.074900e-01   2.761504e-28 
7.210900e-01   2.301071e-28 
7.347000e-01   1.922042e-28 
7.483000e-01   1.609637e-28 
7.619100e-01   1.351084e-28 
7.755100e-01   1.136862e-28 
7.891200e-01   9.586593e-29 
8.027200e-01   8.102849e-29 
8.163300e-01   6.862704e-29 
8.299400e-01   5.824522e-29 
8.435400e-01   4.954098e-29 
8.571500e-01   4.221616e-29 
8.707500e-01   3.604827e-29 
8.843600e-01   3.083609e-29 
8.979600e-01   2.642915e-29 
9.115700e-01   2.268995e-29 
9.251700e-01   1.951603e-29 
9.387800e-01   1.681291e-29 
9.523900e-01   1.450827e-29 
9.659900e-01   1.254117e-29 
9.796000e-01   1.085680e-29 
9.932000e-01   9.414188e-30 
1.006800e+00   8.175585e-30 
1.020400e+00   7.110393e-30 
1.034000e+00   6.192902e-30 
1.047600e+00   5.401350e-30 
1.061200e+00   4.717460e-30 
1.074800e+00   4.125689e-30 
1.088400e+00   3.612878e-30 
1.102000e+00   3.167880e-30 
1.115700e+00   2.778531e-30 
1.129300e+00   2.442375e-30 
1.142900e+00   2.149453e-30 
1.156500e+00   1.893895e-30 
1.170100e+00   1.670636e-30 
1.183700e+00   1.475353e-30 
1.197300e+00   1.304336e-30 
1.210900e+00   1.154385e-30 
1.224500e+00   1.022752e-30 
1.227200e+00   9.985864e-31 
1.229900e+00   9.750314e-31 
1.232700e+00   9.512311e-31 
1.235400e+00   9.288681e-31 
1.238100e+00   9.070670e-31 
1.240800e+00   8.858131e-31 
1.243500e+00   8.650932e-31 
1.246300e+00   8.441530e-31 
1.249000e+00   8.244714e-31 
1.257200e+00   8.984760e-31 
1.259900e+00   8.781258e-31 
1.262600e+00   8.578191e-31 
1.265300e+00   8.377806e-31 
1.268000e+00   8.181187e-31 
1.270800e+00   7.981864e-31 
1.273500e+00   7.794181e-31 
1.276200e+00   7.611027e-31 
1.278900e+00   7.432418e-31 
1.281600e+00   7.258212e-31 
1.289800e+00   7.630283e-31 
1.292500e+00   7.457446e-31 
1.295200e+00   7.286061e-31 
1.298000e+00   7.111211e-31 
1.300700e+00   6.946117e-31 
1.303400e+00   6.784757e-31 
1.306100e+00   6.627176e-31 
1.308900e+00   6.467730e-31 
1.311600e+00   6.317824e-31 
1.314300e+00   6.171606e-31 
1.317000e+00   6.028945e-31 
1.319700e+00   5.889830e-31 
1.322500e+00   5.749165e-31 
1.352200e+00   4.459917e-31 
1.327900e+00   5.487938e-31 
1.330600e+00   5.362104e-31 
1.333300e+00   5.239370e-31 
1.336100e+00   5.115222e-31 
1.338800e+00   4.998514e-31 
1.341500e+00   4.884663e-31 
1.344200e+00   4.773541e-31 
1.346900e+00   4.665131e-31 
1.349700e+00   4.555510e-31 
1.352400e+00   4.452374e-31 
1.355100e+00   4.351717e-31 
1.357800e+00   4.253523e-31 
1.360600e+00   4.154167e-31 
1.363300e+00   4.060731e-31 
1.366000e+00   3.969508e-31 
1.368700e+00   3.880481e-31 
1.371400e+00   3.793571e-31 
1.374200e+00   3.705668e-31 
1.376900e+00   3.622929e-31 
1.379600e+00   3.542186e-31 
1.382300e+00   3.463366e-31 
1.385000e+00   3.386396e-31 
1.387800e+00   3.308520e-31 
1.390500e+00   3.235218e-31 
1.393200e+00   3.163663e-31 
1.395900e+00   3.093790e-31 
1.398700e+00   3.023065e-31 
1.401400e+00   2.956518e-31 
1.404100e+00   2.891519e-31 
1.406800e+00   2.828051e-31 
1.409500e+00   2.766073e-31 
1.412300e+00   2.703332e-31 
1.415000e+00   2.644260e-31 
1.417700e+00   2.586560e-31 
1.420400e+00   2.530228e-31 
1.423100e+00   2.475186e-31 
1.425900e+00   2.419458e-31 
1.428600e+00   2.366991e-31 
1.431300e+00   2.315745e-31 
1.434000e+00   2.265672e-31 
1.436700e+00   2.216774e-31 
1.439500e+00   2.167240e-31 
1.442200e+00   2.120581e-31 
1.444900e+00   2.075016e-31 
1.447600e+00   2.030481e-31 
1.450400e+00   1.985388e-31 
1.453100e+00   1.942907e-31 
1.455800e+00   1.057565e-30 
1.458500e+00   1.043424e-30 
1.461200e+00   1.026243e-30 
1.464000e+00   1.006846e-30 
1.466700e+00   9.875414e-31 
1.469400e+00   9.681166e-31 
1.472100e+00   9.488132e-31 
1.474800e+00   9.297556e-31 
1.477600e+00   9.103236e-31 
1.480300e+00   8.919500e-31 
1.483000e+00   8.739343e-31 
1.485700e+00   8.562942e-31 
1.488400e+00   8.390235e-31 
1.491200e+00   8.214984e-31 
1.493900e+00   8.049656e-31 
1.496600e+00   7.887831e-31 
1.523800e+00   6.436830e-31 
1.551000e+00   5.263948e-31 
1.578200e+00   4.313726e-31 
1.605500e+00   3.540055e-31 
1.632700e+00   2.913480e-31 
1.823100e+00   7.904976e-32 
2.040800e+00   1.984828e-32 
2.176900e+00   8.773293e-33 
2.340200e+00   3.427000e-33 
2.530600e+00   1.196801e-33 
2.829900e+00   2.450554e-34 
3.047600e+00   7.960265e-35 
3.401400e+00   1.290888e-35 
3.700700e+00   2.709672e-36 
4.000000e+00   4.781486e-37 
4.299300e+00   5.734053e-38 
4.680300e+00   9.586423e-41 
5.006800e+00   0.000000e+00 
