9.523900e-02   8.400538e-22 
9.796000e-02   6.743324e-22 
1.006800e-01   5.434221e-22 
1.034000e-01   4.395444e-22 
1.061200e-01   3.567909e-22 
1.088400e-01   2.906130e-22 
1.115700e-01   2.373196e-22 
1.142900e-01   1.945636e-22 
1.170100e-01   1.600026e-22 
1.197300e-01   1.319716e-22 
1.224500e-01   1.091637e-22 
1.251700e-01   9.054800e-23 
1.278900e-01   7.530776e-23 
1.306100e-01   6.279503e-23 
1.333300e-01   5.249241e-23 
1.360600e-01   4.395827e-23 
1.469400e-01   6.147503e-23 
1.496600e-01   5.480676e-23 
1.523800e-01   4.867112e-23 
1.551000e-01   4.317678e-23 
1.578200e-01   3.831222e-23 
1.605500e-01   3.401075e-23 
1.632700e-01   3.024107e-23 
1.659900e-01   2.692466e-23 
1.687100e-01   2.400481e-23 
1.714300e-01   2.143114e-23 
1.741500e-01   1.915947e-23 
1.768700e-01   1.715141e-23 
1.795900e-01   1.537368e-23 
1.823100e-01   1.379744e-23 
1.850400e-01   1.239297e-23 
1.877600e-01   1.114886e-23 
1.904800e-01   1.004094e-23 
1.933200e-01   9.011899e-24 
1.959200e-01   8.170746e-24 
1.986400e-01   7.381990e-24 
2.040800e-01   6.778158e-24 
2.068000e-01   6.166700e-24 
2.095300e-01   5.611081e-24 
2.122500e-01   5.111929e-24 
2.149700e-01   4.662205e-24 
2.176900e-01   4.256839e-24 
2.204100e-01   3.891173e-24 
2.231300e-01   3.560920e-24 
2.258500e-01   3.262296e-24 
2.285700e-01   2.991935e-24 
2.312900e-01   2.746849e-24 
2.340200e-01   2.523626e-24 
2.367400e-01   2.321558e-24 
2.394600e-01   2.137710e-24 
2.421800e-01   1.970248e-24 
2.449000e-01   1.817545e-24 
2.476200e-01   1.678138e-24 
2.503400e-01   1.550737e-24 
2.530600e-01   1.434188e-24 
2.557800e-01   1.327458e-24 
2.585100e-01   1.229278e-24 
2.612300e-01   1.139539e-24 
2.639500e-01   1.057120e-24 
2.666700e-01   9.813582e-25 
2.693900e-01   9.116541e-25 
2.721100e-01   8.474697e-25 
2.857200e-01   5.937054e-25 
2.993200e-01   4.219968e-25 
3.129300e-01   3.036510e-25 
3.265300e-01   2.209873e-25 
3.401400e-01   1.623981e-25 
3.537400e-01   1.204490e-25 
3.673500e-01   9.005264e-26 
3.809500e-01   6.785247e-26 
3.945600e-01   5.147437e-26 
4.081700e-01   3.930579e-26 
4.217700e-01   3.020473e-26 
4.353800e-01   2.334122e-26 
4.489800e-01   1.813991e-26 
4.625900e-01   1.416872e-26 
4.761900e-01   1.112402e-26 
4.898000e-01   8.773614e-27 
5.034000e-01   6.952568e-27 
5.170100e-01   5.532660e-27 
5.306100e-01   4.421973e-27 
5.578300e-01   2.857833e-27 
5.714300e-01   2.310949e-27 
5.850400e-01   1.875213e-27 
5.986400e-01   1.527216e-27 
6.122500e-01   1.247832e-27 
6.258500e-01   1.023052e-27 
6.394600e-01   8.413085e-28 
6.530600e-01   6.940834e-28 
6.666700e-01   5.742493e-28 
6.802800e-01   4.764817e-28 
6.938800e-01   3.965242e-28 
7.074900e-01   3.308382e-28 
7.210900e-01   2.768010e-28 
7.347000e-01   2.321540e-28 
7.483000e-01   1.952198e-28 
7.619100e-01   1.645392e-28 
7.755100e-01   1.390250e-28 
7.891200e-01   1.177221e-28 
8.027200e-01   9.991802e-29 
8.163300e-01   8.498098e-29 
8.299400e-01   7.242999e-29 
8.435400e-01   6.186704e-29 
8.571500e-01   5.294458e-29 
8.707500e-01   4.540261e-29 
8.843600e-01   3.900473e-29 
8.979600e-01   3.357446e-29 
9.115700e-01   2.894927e-29 
9.251700e-01   2.500803e-29 
9.387800e-01   2.163840e-29 
9.523900e-01   1.875420e-29 
9.659900e-01   1.628292e-29 
9.796000e-01   1.415852e-29 
9.932000e-01   1.233175e-29 
1.006800e+00   1.075707e-29 
1.020400e+00   9.397470e-30 
1.034000e+00   8.221713e-30 
1.047600e+00   7.203311e-30 
1.061200e+00   6.319841e-30 
1.074800e+00   5.552292e-30 
1.088400e+00   4.884463e-30 
1.102000e+00   4.302567e-30 
1.115700e+00   3.791334e-30 
1.129300e+00   3.348130e-30 
1.142900e+00   2.960331e-30 
1.156500e+00   2.620587e-30 
1.170100e+00   2.322555e-30 
1.183700e+00   2.060775e-30 
1.197300e+00   1.830559e-30 
1.210900e+00   1.627843e-30 
1.224500e+00   1.449143e-30 
1.227200e+00   1.416250e-30 
1.229900e+00   1.384158e-30 
1.232700e+00   1.351710e-30 
1.235400e+00   1.321193e-30 
1.238100e+00   1.291418e-30 
1.240800e+00   1.262367e-30 
1.243500e+00   1.234014e-30 
1.246300e+00   1.205346e-30 
1.249000e+00   1.178376e-30 
1.257200e+00   1.291979e-30 
1.259900e+00   1.263951e-30 
1.262600e+00   1.235917e-30 
1.265300e+00   1.208212e-30 
1.268000e+00   1.180999e-30 
1.270800e+00   1.153377e-30 
1.273500e+00   1.127345e-30 
1.276200e+00   1.101920e-30 
1.278900e+00   1.077099e-30 
1.281600e+00   1.052872e-30 
1.289800e+00   1.111310e-30 
1.292500e+00   1.087194e-30 
1.295200e+00   1.063239e-30 
1.298000e+00   1.038776e-30 
1.300700e+00   1.015652e-30 
1.303400e+00   9.930191e-31 
1.306100e+00   9.708995e-31 
1.308900e+00   9.485009e-31 
1.311600e+00   9.274205e-31 
1.314300e+00   9.068421e-31 
1.317000e+00   8.867502e-31 
1.319700e+00   8.671375e-31 
1.322500e+00   8.472875e-31 
1.352200e+00   6.644504e-31 
1.327900e+00   8.103797e-31 
1.330600e+00   7.925758e-31 
1.333300e+00   7.751946e-31 
1.336100e+00   7.576027e-31 
1.338800e+00   7.410479e-31 
1.341500e+00   7.248815e-31 
1.344200e+00   7.090924e-31 
1.346900e+00   6.936754e-31 
1.349700e+00   6.780672e-31 
1.352400e+00   6.633734e-31 
1.355100e+00   6.490215e-31 
1.357800e+00   6.350048e-31 
1.360600e+00   6.208117e-31 
1.363300e+00   6.074502e-31 
1.366000e+00   5.943979e-31 
1.368700e+00   5.816456e-31 
1.371400e+00   5.691874e-31 
1.374200e+00   5.565703e-31 
1.376900e+00   5.446917e-31 
1.379600e+00   5.330808e-31 
1.382300e+00   5.217377e-31 
1.385000e+00   5.106561e-31 
1.387800e+00   4.994310e-31 
1.390500e+00   4.888582e-31 
1.393200e+00   4.785267e-31 
1.395900e+00   4.684288e-31 
1.398700e+00   4.581998e-31 
1.401400e+00   4.485630e-31 
1.404100e+00   4.391431e-31 
1.406800e+00   4.299374e-31 
1.409500e+00   4.209408e-31 
1.412300e+00   4.118229e-31 
1.415000e+00   4.032322e-31 
1.417700e+00   3.948373e-31 
1.420400e+00   3.866264e-31 
1.423100e+00   3.786015e-31 
1.425900e+00   3.704671e-31 
1.428600e+00   3.628025e-31 
1.431300e+00   3.553080e-31 
1.434000e+00   3.479802e-31 
1.436700e+00   3.408164e-31 
1.439500e+00   3.335533e-31 
1.442200e+00   3.267078e-31 
1.444900e+00   3.200138e-31 
1.447600e+00   3.134674e-31 
1.450400e+00   3.068298e-31 
1.453100e+00   3.005735e-31 
1.455800e+00   1.630945e-30 
1.458500e+00   1.610772e-30 
1.461200e+00   1.585864e-30 
1.464000e+00   1.557545e-30 
1.466700e+00   1.529256e-30 
1.469400e+00   1.500725e-30 
1.472100e+00   1.472325e-30 
1.474800e+00   1.444245e-30 
1.477600e+00   1.415590e-30 
1.480300e+00   1.388455e-30 
1.483000e+00   1.361831e-30 
1.485700e+00   1.335733e-30 
1.488400e+00   1.310160e-30 
1.491200e+00   1.284181e-30 
1.493900e+00   1.259655e-30 
1.496600e+00   1.235624e-30 
1.523800e+00   1.019062e-30 
1.551000e+00   8.423403e-31 
1.578200e+00   6.977882e-31 
1.605500e+00   5.789431e-31 
1.632700e+00   4.817696e-31 
1.823100e+00   1.416596e-31 
2.040800e+00   3.928272e-32 
2.176900e+00   1.856909e-32 
2.340200e+00   7.902259e-33 
2.530600e+00   3.071204e-33 
2.829900e+00   7.605729e-34 
3.047600e+00   2.920168e-34 
3.401400e+00   6.548395e-35 
3.700700e+00   1.902384e-35 
4.000000e+00   5.482510e-36 
4.299300e+00   1.500093e-36 
4.680300e+00   2.538812e-37 
5.006800e+00   2.791294e-38 
