9.523900e-02   6.478911e-22 
9.796000e-02   5.156932e-22 
1.006800e-01   4.120609e-22 
1.034000e-01   3.304585e-22 
1.061200e-01   2.659501e-22 
1.088400e-01   2.147621e-22 
1.115700e-01   1.738601e-22 
1.142900e-01   1.413023e-22 
1.170100e-01   1.151909e-22 
1.197300e-01   9.418019e-23 
1.224500e-01   7.721975e-23 
1.251700e-01   6.348640e-23 
1.278900e-01   5.233326e-23 
1.306100e-01   4.324967e-23 
1.333300e-01   3.583088e-23 
1.360600e-01   2.973550e-23 
1.469400e-01   4.114896e-23 
1.496600e-01   3.639142e-23 
1.523800e-01   3.205596e-23 
1.551000e-01   2.820555e-23 
1.578200e-01   2.482262e-23 
1.605500e-01   2.185346e-23 
1.632700e-01   1.927031e-23 
1.659900e-01   1.701419e-23 
1.687100e-01   1.504218e-23 
1.714300e-01   1.331652e-23 
1.741500e-01   1.180440e-23 
1.768700e-01   1.047750e-23 
1.795900e-01   9.311371e-24 
1.823100e-01   8.285064e-24 
1.850400e-01   7.377381e-24 
1.877600e-01   6.579346e-24 
1.904800e-01   5.874019e-24 
1.933200e-01   5.223953e-24 
1.959200e-01   4.696644e-24 
1.986400e-01   4.205868e-24 
2.040800e-01   3.796492e-24 
2.068000e-01   3.424133e-24 
2.095300e-01   3.088845e-24 
2.122500e-01   2.790078e-24 
2.149700e-01   2.522943e-24 
2.176900e-01   2.283968e-24 
2.204100e-01   2.069961e-24 
2.231300e-01   1.878096e-24 
2.258500e-01   1.705861e-24 
2.285700e-01   1.551058e-24 
2.312900e-01   1.411750e-24 
2.340200e-01   1.285789e-24 
2.367400e-01   1.172596e-24 
2.394600e-01   1.070366e-24 
2.421800e-01   9.779274e-25 
2.449000e-01   8.942529e-25 
2.476200e-01   8.184277e-25 
2.503400e-01   7.496451e-25 
2.530600e-01   6.871868e-25 
2.557800e-01   6.304174e-25 
2.585100e-01   5.785860e-25 
2.612300e-01   5.315663e-25 
2.639500e-01   4.887084e-25 
2.666700e-01   4.496109e-25 
2.693900e-01   4.139126e-25 
2.721100e-01   3.812907e-25 
2.857200e-01   2.551160e-25 
2.993200e-01   1.730413e-25 
3.129300e-01   1.187106e-25 
3.265300e-01   8.229789e-26 
3.401400e-01   5.755850e-26 
3.537400e-01   4.059520e-26 
3.673500e-01   2.883504e-26 
3.809500e-01   2.062443e-26 
3.945600e-01   1.483930e-26 
4.081700e-01   1.073789e-26 
4.217700e-01   7.813151e-27 
4.353800e-01   5.711892e-27 
4.489800e-01   4.196109e-27 
4.625900e-01   3.095361e-27 
4.761900e-01   2.293286e-27 
4.898000e-01   1.705285e-27 
5.034000e-01   1.272985e-27 
5.170100e-01   9.533760e-28 
5.306100e-01   7.165182e-28 
5.578300e-01   4.082859e-28 
5.714300e-01   3.095831e-28 
5.850400e-01   2.353136e-28 
5.986400e-01   1.793448e-28 
6.122500e-01   1.369803e-28 
6.258500e-01   1.048761e-28 
6.394600e-01   8.044715e-29 
6.530600e-01   6.184009e-29 
6.666700e-01   4.761330e-29 
6.802800e-01   3.672144e-29 
6.938800e-01   2.836998e-29 
7.074900e-01   2.194523e-29 
7.210900e-01   1.700057e-29 
7.347000e-01   1.318273e-29 
7.483000e-01   1.023497e-29 
7.619100e-01   7.951947e-30 
7.755100e-01   6.184079e-30 
7.891200e-01   4.811377e-30 
8.027200e-01   3.746013e-30 
8.163300e-01   2.917068e-30 
8.299400e-01   2.271977e-30 
8.435400e-01   1.770062e-30 
8.571500e-01   1.378542e-30 
8.707500e-01   1.073641e-30 
8.843600e-01   8.356211e-31 
8.979600e-01   6.501371e-31 
9.115700e-01   5.053029e-31 
9.251700e-01   3.924257e-31 
9.387800e-01   3.043348e-31 
9.523900e-01   2.356746e-31 
9.659900e-01   1.822321e-31 
9.796000e-01   1.405904e-31 
9.932000e-01   1.082557e-31 
1.006800e+00   8.313497e-32 
1.020400e+00   6.365779e-32 
1.034000e+00   4.857320e-32 
1.047600e+00   3.693128e-32 
1.061200e+00   2.794995e-32 
1.074800e+00   2.105282e-32 
1.088400e+00   1.576684e-32 
1.102000e+00   1.173630e-32 
1.115700e+00   8.650790e-33 
1.129300e+00   6.338324e-33 
1.142900e+00   4.598353e-33 
1.156500e+00   3.301093e-33 
1.170100e+00   2.337646e-33 
1.183700e+00   1.631095e-33 
1.197300e+00   1.116934e-33 
1.210900e+00   7.479574e-34 
1.224500e+00   4.880550e-34 
1.227200e+00   4.463559e-34 
1.229900e+00   4.079948e-34 
1.232700e+00   3.708652e-34 
1.235400e+00   3.377980e-34 
1.238100e+00   3.070263e-34 
1.240800e+00   2.787382e-34 
1.243500e+00   2.528673e-34 
1.246300e+00   2.277986e-34 
1.249000e+00   2.056623e-34 
1.257200e+00   1.642035e-34 
1.259900e+00   1.467442e-34 
1.262600e+00   1.308139e-34 
1.265300e+00   1.162678e-34 
1.268000e+00   1.030395e-34 
1.270800e+00   9.038495e-35 
1.273500e+00   7.930100e-35 
1.276200e+00   6.947052e-35 
1.278900e+00   6.040539e-35 
1.281600e+00   5.238940e-35 
1.289800e+00   3.634326e-35 
1.292500e+00   3.068902e-35 
1.295200e+00   2.574695e-35 
1.298000e+00   2.124616e-35 
1.300700e+00   1.748072e-35 
1.303400e+00   1.420754e-35 
1.306100e+00   1.140313e-35 
1.308900e+00   8.939977e-36 
1.311600e+00   6.892323e-36 
1.314300e+00   5.218028e-36 
1.317000e+00   3.851202e-36 
1.319700e+00   2.738463e-36 
1.322500e+00   1.851489e-36 
1.352200e+00   0.000000e+00 
1.327900e+00   6.987781e-37 
1.330600e+00   3.556434e-37 
1.333300e+00   1.494310e-37 
1.336100e+00   3.977717e-38 
1.338800e+00   8.777645e-39 
1.341500e+00   0.000000e+00 
1.344200e+00   0.000000e+00 
1.346900e+00   0.000000e+00 
1.349700e+00   0.000000e+00 
1.352400e+00   0.000000e+00 
1.355100e+00   0.000000e+00 
1.357800e+00   0.000000e+00 
1.360600e+00   0.000000e+00 
1.363300e+00   0.000000e+00 
1.366000e+00   0.000000e+00 
1.368700e+00   0.000000e+00 
1.371400e+00   0.000000e+00 
1.374200e+00   0.000000e+00 
1.376900e+00   0.000000e+00 
1.379600e+00   0.000000e+00 
1.382300e+00   0.000000e+00 
1.385000e+00   0.000000e+00 
1.387800e+00   0.000000e+00 
1.390500e+00   0.000000e+00 
1.393200e+00   0.000000e+00 
1.395900e+00   0.000000e+00 
1.398700e+00   0.000000e+00 
1.401400e+00   0.000000e+00 
1.404100e+00   0.000000e+00 
1.406800e+00   0.000000e+00 
1.409500e+00   0.000000e+00 
1.412300e+00   0.000000e+00 
1.415000e+00   0.000000e+00 
1.417700e+00   0.000000e+00 
1.420400e+00   0.000000e+00 
1.423100e+00   0.000000e+00 
1.425900e+00   0.000000e+00 
1.428600e+00   0.000000e+00 
1.431300e+00   0.000000e+00 
1.434000e+00   0.000000e+00 
1.436700e+00   0.000000e+00 
1.439500e+00   0.000000e+00 
1.442200e+00   0.000000e+00 
1.444900e+00   0.000000e+00 
1.447600e+00   0.000000e+00 
1.450400e+00   0.000000e+00 
1.453100e+00   0.000000e+00 
1.455800e+00   0.000000e+00 
1.458500e+00   0.000000e+00 
1.461200e+00   0.000000e+00 
1.464000e+00   0.000000e+00 
1.466700e+00   0.000000e+00 
1.469400e+00   0.000000e+00 
1.472100e+00   0.000000e+00 
1.474800e+00   0.000000e+00 
1.477600e+00   0.000000e+00 
1.480300e+00   0.000000e+00 
1.483000e+00   0.000000e+00 
1.485700e+00   0.000000e+00 
1.488400e+00   0.000000e+00 
1.491200e+00   0.000000e+00 
1.493900e+00   0.000000e+00 
1.496600e+00   0.000000e+00 
1.523800e+00   0.000000e+00 
1.551000e+00   0.000000e+00 
1.578200e+00   0.000000e+00 
1.605500e+00   0.000000e+00 
1.632700e+00   0.000000e+00 
1.823100e+00   0.000000e+00 
2.040800e+00   0.000000e+00 
2.176900e+00   0.000000e+00 
2.340200e+00   0.000000e+00 
2.530600e+00   0.000000e+00 
2.829900e+00   0.000000e+00 
3.047600e+00   0.000000e+00 
3.401400e+00   0.000000e+00 
3.700700e+00   0.000000e+00 
4.000000e+00   0.000000e+00 
4.299300e+00   0.000000e+00 
4.680300e+00   0.000000e+00 
5.006800e+00   0.000000e+00 
