9.523900e-02   7.458814e-22 
9.796000e-02   5.964402e-22 
1.006800e-01   4.788018e-22 
1.034000e-01   3.857814e-22 
1.061200e-01   3.119360e-22 
1.088400e-01   2.530896e-22 
1.115700e-01   2.058673e-22 
1.142900e-01   1.681171e-22 
1.170100e-01   1.377101e-22 
1.197300e-01   1.131366e-22 
1.224500e-01   9.321350e-23 
1.251700e-01   7.701044e-23 
1.278900e-01   6.379337e-23 
1.306100e-01   5.298100e-23 
1.333300e-01   4.411091e-23 
1.360600e-01   3.679023e-23 
1.469400e-01   5.126631e-23 
1.496600e-01   4.554289e-23 
1.523800e-01   4.029938e-23 
1.551000e-01   3.562110e-23 
1.578200e-01   3.149324e-23 
1.605500e-01   2.785519e-23 
1.632700e-01   2.467712e-23 
1.659900e-01   2.189012e-23 
1.687100e-01   1.944421e-23 
1.714300e-01   1.729514e-23 
1.741500e-01   1.540431e-23 
1.768700e-01   1.373825e-23 
1.795900e-01   1.226804e-23 
1.823100e-01   1.096871e-23 
1.850400e-01   9.814732e-24 
1.877600e-01   8.795867e-24 
1.904800e-01   7.891538e-24 
1.933200e-01   7.054439e-24 
1.959200e-01   6.372458e-24 
1.986400e-01   5.735059e-24 
2.040800e-01   5.229378e-24 
2.068000e-01   4.739791e-24 
2.095300e-01   4.296678e-24 
2.122500e-01   3.900032e-24 
2.149700e-01   3.543834e-24 
2.176900e-01   3.223831e-24 
2.204100e-01   2.936062e-24 
2.231300e-01   2.676986e-24 
2.258500e-01   2.443455e-24 
2.285700e-01   2.232686e-24 
2.312900e-01   2.042216e-24 
2.340200e-01   1.869279e-24 
2.367400e-01   1.713220e-24 
2.394600e-01   1.571678e-24 
2.421800e-01   1.443156e-24 
2.449000e-01   1.326324e-24 
2.476200e-01   1.220005e-24 
2.503400e-01   1.123148e-24 
2.530600e-01   1.034819e-24 
2.557800e-01   9.541885e-25 
2.585100e-01   8.802544e-25 
2.612300e-01   8.128908e-25 
2.639500e-01   7.512236e-25 
2.666700e-01   6.947180e-25 
2.693900e-01   6.428989e-25 
2.721100e-01   5.953365e-25 
2.857200e-01   4.090329e-25 
2.993200e-01   2.850518e-25 
3.129300e-01   2.010389e-25 
3.265300e-01   1.433649e-25 
3.401400e-01   1.032041e-25 
3.537400e-01   7.496240e-26 
3.673500e-01   5.487082e-26 
3.809500e-01   4.046791e-26 
3.945600e-01   3.004141e-26 
4.081700e-01   2.244225e-26 
4.217700e-01   1.686829e-26 
4.353800e-01   1.274678e-26 
4.489800e-01   9.685114e-27 
4.625900e-01   7.394214e-27 
4.761900e-01   5.673232e-27 
4.898000e-01   4.371753e-27 
5.034000e-01   3.384164e-27 
5.170100e-01   2.630097e-27 
5.306100e-01   2.052615e-27 
5.578300e-01   1.264039e-27 
5.714300e-01   9.974903e-28 
5.850400e-01   7.897135e-28 
5.986400e-01   6.273908e-28 
6.122500e-01   4.999429e-28 
6.258500e-01   3.996768e-28 
6.394600e-01   3.204194e-28 
6.530600e-01   2.576559e-28 
6.666700e-01   2.077307e-28 
6.802800e-01   1.679287e-28 
6.938800e-01   1.361268e-28 
7.074900e-01   1.106085e-28 
7.210900e-01   9.010495e-29 
7.347000e-01   7.356454e-29 
7.483000e-01   6.020599e-29 
7.619100e-01   4.937441e-29 
7.755100e-01   4.058406e-29 
7.891200e-01   3.342265e-29 
8.027200e-01   2.758407e-29 
8.163300e-01   2.280631e-29 
8.299400e-01   1.889150e-29 
8.435400e-01   1.567930e-29 
8.571500e-01   1.303454e-29 
8.707500e-01   1.085570e-29 
8.843600e-01   9.054911e-30 
8.979600e-01   7.565844e-30 
9.115700e-01   6.330579e-30 
9.251700e-01   5.305733e-30 
9.387800e-01   4.452633e-30 
9.523900e-01   3.742016e-30 
9.659900e-01   3.149467e-30 
9.796000e-01   2.653931e-30 
9.932000e-01   2.239479e-30 
1.006800e+00   1.892100e-30 
1.020400e+00   1.600499e-30 
1.034000e+00   1.355410e-30 
1.047600e+00   1.149142e-30 
1.061200e+00   9.752954e-31 
1.074800e+00   8.286162e-31 
1.088400e+00   7.047062e-31 
1.102000e+00   5.999047e-31 
1.115700e+00   5.105716e-31 
1.129300e+00   4.354428e-31 
1.142900e+00   3.716918e-31 
1.156500e+00   3.175407e-31 
1.170100e+00   2.714900e-31 
1.183700e+00   2.323007e-31 
1.197300e+00   1.989142e-31 
1.210900e+00   1.704455e-31 
1.224500e+00   1.461518e-31 
1.227200e+00   1.417661e-31 
1.229900e+00   1.375192e-31 
1.232700e+00   1.332525e-31 
1.235400e+00   1.292655e-31 
1.238100e+00   1.253991e-31 
1.240800e+00   1.216542e-31 
1.243500e+00   1.180214e-31 
1.246300e+00   1.143720e-31 
1.249000e+00   1.109657e-31 
1.257200e+00   1.166059e-31 
1.259900e+00   1.131896e-31 
1.262600e+00   1.098249e-31 
1.265300e+00   1.065350e-31 
1.268000e+00   1.033312e-31 
1.270800e+00   1.001036e-31 
1.273500e+00   9.708562e-32 
1.276200e+00   9.416021e-32 
1.278900e+00   9.132293e-32 
1.281600e+00   8.857191e-32 
1.289800e+00   9.066780e-32 
1.292500e+00   8.800019e-32 
1.295200e+00   8.538227e-32 
1.298000e+00   8.273299e-32 
1.300700e+00   8.025063e-32 
1.303400e+00   7.783963e-32 
1.306100e+00   7.549931e-32 
1.308900e+00   7.314733e-32 
1.311600e+00   7.094972e-32 
1.314300e+00   6.881858e-32 
1.317000e+00   6.675341e-32 
1.319700e+00   6.475044e-32 
1.322500e+00   6.273807e-32 
1.352200e+00   4.494339e-32 
1.327900e+00   5.903589e-32 
1.330600e+00   5.726913e-32 
1.333300e+00   5.555701e-32 
1.336100e+00   5.383618e-32 
1.338800e+00   5.222771e-32 
1.341500e+00   5.066904e-32 
1.344200e+00   4.915832e-32 
1.346900e+00   4.769257e-32 
1.349700e+00   4.621920e-32 
1.352400e+00   4.484321e-32 
1.355100e+00   4.350799e-32 
1.357800e+00   4.221323e-32 
1.360600e+00   4.091247e-32 
1.363300e+00   3.969635e-32 
1.366000e+00   3.851694e-32 
1.368700e+00   3.737387e-32 
1.371400e+00   3.626478e-32 
1.374200e+00   3.514946e-32 
1.376900e+00   3.410764e-32 
1.379600e+00   3.309795e-32 
1.382300e+00   3.211698e-32 
1.385000e+00   3.116693e-32 
1.387800e+00   3.021121e-32 
1.390500e+00   2.931788e-32 
1.393200e+00   2.845117e-32 
1.395900e+00   2.761037e-32 
1.398700e+00   2.676510e-32 
1.401400e+00   2.597529e-32 
1.404100e+00   2.520811e-32 
1.406800e+00   2.446479e-32 
1.409500e+00   2.374305e-32 
1.412300e+00   2.301791e-32 
1.415000e+00   2.234013e-32 
1.417700e+00   2.168223e-32 
1.420400e+00   2.104397e-32 
1.423100e+00   2.042462e-32 
1.425900e+00   1.980236e-32 
1.428600e+00   1.922002e-32 
1.431300e+00   1.865497e-32 
1.434000e+00   1.810692e-32 
1.436700e+00   1.757492e-32 
1.439500e+00   1.703950e-32 
1.442200e+00   1.653947e-32 
1.444900e+00   1.605369e-32 
1.447600e+00   1.558266e-32 
1.450400e+00   1.510884e-32 
1.453100e+00   1.466555e-32 
1.455800e+00   8.098437e-32 
1.458500e+00   7.925929e-32 
1.461200e+00   7.732118e-32 
1.464000e+00   7.522002e-32 
1.466700e+00   7.317467e-32 
1.469400e+00   7.114420e-32 
1.472100e+00   6.914953e-32 
1.474800e+00   6.719907e-32 
1.477600e+00   6.522750e-32 
1.480300e+00   6.337772e-32 
1.483000e+00   6.157615e-32 
1.485700e+00   5.982626e-32 
1.488400e+00   5.812500e-32 
1.491200e+00   5.641128e-32 
1.493900e+00   5.480581e-32 
1.496600e+00   5.324790e-32 
1.523800e+00   3.981071e-32 
1.551000e+00   2.974087e-32 
1.578200e+00   2.219820e-32 
1.605500e+00   1.653171e-32 
1.632700e+00   1.230708e-32 
1.823100e+00   1.459631e-33 
2.040800e+00   8.869840e-35 
2.176900e+00   8.454298e-36 
2.340200e+00   7.798955e-40 
2.530600e+00   0.000000e+00 
2.829900e+00   0.000000e+00 
3.047600e+00   0.000000e+00 
3.401400e+00   0.000000e+00 
3.700700e+00   0.000000e+00 
4.000000e+00   0.000000e+00 
4.299300e+00   0.000000e+00 
4.680300e+00   0.000000e+00 
5.006800e+00   0.000000e+00 
