9.523900e-02   8.886460e-22 
9.796000e-02   7.146193e-22 
1.006800e-01   5.769245e-22 
1.034000e-01   4.674851e-22 
1.061200e-01   3.801578e-22 
1.088400e-01   3.102082e-22 
1.115700e-01   2.537839e-22 
1.142900e-01   2.084419e-22 
1.170100e-01   1.717293e-22 
1.197300e-01   1.419042e-22 
1.224500e-01   1.175960e-22 
1.251700e-01   9.772227e-23 
1.278900e-01   8.142511e-23 
1.306100e-01   6.802173e-23 
1.333300e-01   5.696747e-23 
1.360600e-01   4.779513e-23 
1.469400e-01   6.692840e-23 
1.496600e-01   5.976582e-23 
1.523800e-01   5.316233e-23 
1.551000e-01   4.723879e-23 
1.578200e-01   4.198607e-23 
1.605500e-01   3.733437e-23 
1.632700e-01   3.325176e-23 
1.659900e-01   2.965479e-23 
1.687100e-01   2.648340e-23 
1.714300e-01   2.368389e-23 
1.741500e-01   2.120932e-23 
1.768700e-01   1.901869e-23 
1.795900e-01   1.707650e-23 
1.823100e-01   1.535191e-23 
1.850400e-01   1.381297e-23 
1.877600e-01   1.244773e-23 
1.904800e-01   1.123011e-23 
1.933200e-01   1.009746e-23 
1.959200e-01   9.170195e-24 
1.986400e-01   8.299421e-24 
2.040800e-01   7.641981e-24 
2.068000e-01   6.964250e-24 
2.095300e-01   6.347256e-24 
2.122500e-01   5.792080e-24 
2.149700e-01   5.291122e-24 
2.176900e-01   4.838950e-24 
2.204100e-01   4.430467e-24 
2.231300e-01   4.061042e-24 
2.258500e-01   3.726529e-24 
2.285700e-01   3.423260e-24 
2.312900e-01   3.147966e-24 
2.340200e-01   2.896876e-24 
2.367400e-01   2.669273e-24 
2.394600e-01   2.461910e-24 
2.421800e-01   2.272770e-24 
2.449000e-01   2.100056e-24 
2.476200e-01   1.942168e-24 
2.503400e-01   1.797678e-24 
2.530600e-01   1.665313e-24 
2.557800e-01   1.543928e-24 
2.585100e-01   1.432115e-24 
2.612300e-01   1.329770e-24 
2.639500e-01   1.235645e-24 
2.666700e-01   1.148999e-24 
2.693900e-01   1.069172e-24 
2.721100e-01   9.955612e-25 
2.857200e-01   7.033506e-25 
2.993200e-01   5.042036e-25 
3.129300e-01   3.659412e-25 
3.265300e-01   2.686450e-25 
3.401400e-01   1.991624e-25 
3.537400e-01   1.490304e-25 
3.673500e-01   1.124217e-25 
3.809500e-01   8.547258e-26 
3.945600e-01   6.543162e-26 
4.081700e-01   5.042155e-26 
4.217700e-01   3.910338e-26 
4.353800e-01   3.049773e-26 
4.489800e-01   2.392202e-26 
4.625900e-01   1.885960e-26 
4.761900e-01   1.494565e-26 
4.898000e-01   1.189876e-26 
5.034000e-01   9.518101e-27 
5.170100e-01   7.646034e-27 
5.306100e-01   6.169144e-27 
5.578300e-01   4.063520e-27 
5.714300e-01   3.317410e-27 
5.850400e-01   2.717785e-27 
5.986400e-01   2.234734e-27 
6.122500e-01   1.843554e-27 
6.258500e-01   1.526089e-27 
6.394600e-01   1.267160e-27 
6.530600e-01   1.055569e-27 
6.666700e-01   8.818310e-28 
6.802800e-01   7.388398e-28 
6.938800e-01   6.208631e-28 
7.074900e-01   5.230925e-28 
7.210900e-01   4.419477e-28 
7.347000e-01   3.743099e-28 
7.483000e-01   3.178614e-28 
7.619100e-01   2.705532e-28 
7.755100e-01   2.308598e-28 
7.891200e-01   1.974238e-28 
8.027200e-01   1.692291e-28 
8.163300e-01   1.453630e-28 
8.299400e-01   1.251293e-28 
8.435400e-01   1.079477e-28 
8.571500e-01   9.330381e-29 
8.707500e-01   8.081402e-29 
8.843600e-01   7.012368e-29 
8.979600e-01   6.096798e-29 
9.115700e-01   5.309924e-29 
9.251700e-01   4.633319e-29 
9.387800e-01   4.049575e-29 
9.523900e-01   3.545420e-29 
9.659900e-01   3.109464e-29 
9.796000e-01   2.731289e-29 
9.932000e-01   2.403127e-29 
1.006800e+00   2.117669e-29 
1.020400e+00   1.868940e-29 
1.034000e+00   1.651861e-29 
1.047600e+00   1.462103e-29 
1.061200e+00   1.295976e-29 
1.074800e+00   1.150311e-29 
1.088400e+00   1.022402e-29 
1.102000e+00   9.099154e-30 
1.115700e+00   8.101711e-30 
1.129300e+00   7.228925e-30 
1.142900e+00   6.458157e-30 
1.156500e+00   5.776591e-30 
1.170100e+00   5.173119e-30 
1.183700e+00   4.638086e-30 
1.197300e+00   4.163154e-30 
1.210900e+00   3.741023e-30 
1.224500e+00   3.365409e-30 
1.227200e+00   3.295865e-30 
1.229900e+00   3.227916e-30 
1.232700e+00   3.159049e-30 
1.235400e+00   3.094176e-30 
1.238100e+00   3.030758e-30 
1.240800e+00   2.968765e-30 
1.243500e+00   2.908164e-30 
1.246300e+00   2.846737e-30 
1.249000e+00   2.788865e-30 
1.257200e+00   3.104000e-30 
1.259900e+00   3.043127e-30 
1.262600e+00   2.981912e-30 
1.265300e+00   2.921176e-30 
1.268000e+00   2.861350e-30 
1.270800e+00   2.800480e-30 
1.273500e+00   2.742984e-30 
1.276200e+00   2.686725e-30 
1.278900e+00   2.631701e-30 
1.281600e+00   2.577892e-30 
1.289800e+00   2.746359e-30 
1.292500e+00   2.692422e-30 
1.295200e+00   2.638617e-30 
1.298000e+00   2.583508e-30 
1.300700e+00   2.531290e-30 
1.303400e+00   2.480074e-30 
1.306100e+00   2.429916e-30 
1.308900e+00   2.379022e-30 
1.311600e+00   2.331035e-30 
1.314300e+00   2.284087e-30 
1.317000e+00   2.238175e-30 
1.319700e+00   2.193267e-30 
1.322500e+00   2.147734e-30 
1.352200e+00   1.723717e-30 
1.327900e+00   2.062829e-30 
1.330600e+00   2.021759e-30 
1.333300e+00   1.981587e-30 
1.336100e+00   1.940846e-30 
1.338800e+00   1.902433e-30 
1.341500e+00   1.864850e-30 
1.344200e+00   1.828076e-30 
1.346900e+00   1.792099e-30 
1.349700e+00   1.755606e-30 
1.352400e+00   1.721194e-30 
1.355100e+00   1.687509e-30 
1.357800e+00   1.654554e-30 
1.360600e+00   1.621122e-30 
1.363300e+00   1.589582e-30 
1.366000e+00   1.558712e-30 
1.368700e+00   1.528497e-30 
1.371400e+00   1.498924e-30 
1.374200e+00   1.468917e-30 
1.376900e+00   1.440612e-30 
1.379600e+00   1.412895e-30 
1.382300e+00   1.385766e-30 
1.385000e+00   1.359207e-30 
1.387800e+00   1.332254e-30 
1.390500e+00   1.306819e-30 
1.393200e+00   1.281913e-30 
1.395900e+00   1.257529e-30 
1.398700e+00   1.232777e-30 
1.401400e+00   1.209418e-30 
1.404100e+00   1.186540e-30 
1.406800e+00   1.164134e-30 
1.409500e+00   1.142199e-30 
1.412300e+00   1.119926e-30 
1.415000e+00   1.098904e-30 
1.417700e+00   1.078310e-30 
1.420400e+00   1.058142e-30 
1.423100e+00   1.038385e-30 
1.425900e+00   1.018323e-30 
1.428600e+00   9.993729e-31 
1.431300e+00   9.808185e-31 
1.434000e+00   9.626411e-31 
1.436700e+00   9.448345e-31 
1.439500e+00   9.267497e-31 
1.442200e+00   9.096723e-31 
1.444900e+00   8.929363e-31 
1.447600e+00   8.765423e-31 
1.450400e+00   8.598870e-31 
1.453100e+00   8.441597e-31 
1.455800e+00   4.538753e-30 
1.458500e+00   4.492029e-30 
1.461200e+00   4.431939e-30 
1.464000e+00   4.362437e-30 
1.466700e+00   4.292407e-30 
1.469400e+00   4.221378e-30 
1.472100e+00   4.150417e-30 
1.474800e+00   4.080057e-30 
1.477600e+00   4.008059e-30 
1.480300e+00   3.939729e-30 
1.483000e+00   3.872552e-30 
1.485700e+00   3.806567e-30 
1.488400e+00   3.741775e-30 
1.491200e+00   3.675822e-30 
1.493900e+00   3.613429e-30 
1.496600e+00   3.552191e-30 
1.523800e+00   2.994455e-30 
1.551000e+00   2.530177e-30 
1.578200e+00   2.142764e-30 
1.605500e+00   1.817758e-30 
1.632700e+00   1.546704e-30 
1.823100e+00   5.329204e-31 
2.040800e+00   1.782758e-31 
2.176900e+00   9.506518e-32 
2.340200e+00   4.691473e-32 
2.530600e+00   2.184604e-32 
2.829900e+00   7.271615e-33 
3.047600e+00   3.492119e-33 
3.401400e+00   1.157202e-33 
3.700700e+00   4.918032e-34 
4.000000e+00   2.136348e-34 
4.299300e+00   9.892381e-35 
4.680300e+00   3.712918e-35 
5.006800e+00   1.585426e-35 
