9.523900e-02   8.722155e-22 
9.796000e-02   7.009901e-22 
1.006800e-01   5.655852e-22 
1.034000e-01   4.580230e-22 
1.061200e-01   3.722407e-22 
1.088400e-01   3.035662e-22 
1.115700e-01   2.482004e-22 
1.142900e-01   2.037329e-22 
1.170100e-01   1.677484e-22 
1.197300e-01   1.385307e-22 
1.224500e-01   1.147306e-22 
1.251700e-01   9.528306e-23 
1.278900e-01   7.934407e-23 
1.306100e-01   6.624284e-23 
1.333300e-01   5.544361e-23 
1.360600e-01   4.648804e-23 
1.469400e-01   6.507250e-23 
1.496600e-01   5.807739e-23 
1.523800e-01   5.163254e-23 
1.551000e-01   4.585458e-23 
1.578200e-01   4.073362e-23 
1.605500e-01   3.620083e-23 
1.632700e-01   3.222447e-23 
1.659900e-01   2.872281e-23 
1.687100e-01   2.563690e-23 
1.714300e-01   2.291422e-23 
1.741500e-01   2.050863e-23 
1.768700e-01   1.838014e-23 
1.795900e-01   1.649391e-23 
1.823100e-01   1.481985e-23 
1.850400e-01   1.332669e-23 
1.877600e-01   1.200273e-23 
1.904800e-01   1.082251e-23 
1.933200e-01   9.725187e-24 
1.959200e-01   8.827302e-24 
1.986400e-01   7.984516e-24 
2.040800e-01   7.345428e-24 
2.068000e-01   6.690333e-24 
2.095300e-01   6.094305e-24 
2.122500e-01   5.558293e-24 
2.149700e-01   5.074851e-24 
2.176900e-01   4.638703e-24 
2.204100e-01   4.244869e-24 
2.231300e-01   3.888853e-24 
2.258500e-01   3.566633e-24 
2.285700e-01   3.274637e-24 
2.312900e-01   3.009693e-24 
2.340200e-01   2.768157e-24 
2.367400e-01   2.549316e-24 
2.394600e-01   2.350018e-24 
2.421800e-01   2.168318e-24 
2.449000e-01   2.002474e-24 
2.476200e-01   1.850930e-24 
2.503400e-01   1.712310e-24 
2.530600e-01   1.585380e-24 
2.557800e-01   1.469034e-24 
2.585100e-01   1.361906e-24 
2.612300e-01   1.263896e-24 
2.639500e-01   1.173800e-24 
2.666700e-01   1.090901e-24 
2.693900e-01   1.014558e-24 
2.721100e-01   9.441941e-25 
2.857200e-01   6.652360e-25 
2.993200e-01   4.755644e-25 
3.129300e-01   3.441922e-25 
3.265300e-01   2.519672e-25 
3.401400e-01   1.862674e-25 
3.537400e-01   1.389822e-25 
3.673500e-01   1.045390e-25 
3.809500e-01   7.924882e-26 
3.945600e-01   6.048995e-26 
4.081700e-01   4.647640e-26 
4.217700e-01   3.593751e-26 
4.353800e-01   2.794547e-26 
4.489800e-01   2.185492e-26 
4.625900e-01   1.717853e-26 
4.761900e-01   1.357272e-26 
4.898000e-01   1.077327e-26 
5.034000e-01   8.591881e-27 
5.170100e-01   6.881164e-27 
5.306100e-01   5.535262e-27 
5.578300e-01   3.623932e-27 
5.714300e-01   2.949553e-27 
5.850400e-01   2.409074e-27 
5.986400e-01   1.974872e-27 
6.122500e-01   1.624210e-27 
6.258500e-01   1.340413e-27 
6.394600e-01   1.109590e-27 
6.530600e-01   9.214848e-28 
6.666700e-01   7.674619e-28 
6.802800e-01   6.410454e-28 
6.938800e-01   5.370333e-28 
7.074900e-01   4.510754e-28 
7.210900e-01   3.799333e-28 
7.347000e-01   3.207981e-28 
7.483000e-01   2.715817e-28 
7.619100e-01   2.304503e-28 
7.755100e-01   1.960359e-28 
7.891200e-01   1.671266e-28 
8.027200e-01   1.428175e-28 
8.163300e-01   1.222976e-28 
8.299400e-01   1.049496e-28 
8.435400e-01   9.025933e-29 
8.571500e-01   7.777371e-29 
8.707500e-01   6.715463e-29 
8.843600e-01   5.809084e-29 
8.979600e-01   5.034996e-29 
9.115700e-01   4.371566e-29 
9.251700e-01   3.802718e-29 
9.387800e-01   3.313315e-29 
9.523900e-01   2.891806e-29 
9.659900e-01   2.528349e-29 
9.796000e-01   2.213942e-29 
9.932000e-01   1.941890e-29 
1.006800e+00   1.705897e-29 
1.020400e+00   1.500849e-29 
1.034000e+00   1.322394e-29 
1.047600e+00   1.166840e-29 
1.061200e+00   1.031032e-29 
1.074800e+00   9.122927e-30 
1.088400e+00   8.083147e-30 
1.102000e+00   7.171385e-30 
1.115700e+00   6.365122e-30 
1.129300e+00   5.661646e-30 
1.142900e+00   5.042160e-30 
1.156500e+00   4.495897e-30 
1.170100e+00   4.013588e-30 
1.183700e+00   3.587196e-30 
1.197300e+00   3.209754e-30 
1.210900e+00   2.875246e-30 
1.224500e+00   2.578421e-30 
1.227200e+00   2.523562e-30 
1.229900e+00   2.469985e-30 
1.232700e+00   2.415728e-30 
1.235400e+00   2.364640e-30 
1.238100e+00   2.314726e-30 
1.240800e+00   2.265961e-30 
1.243500e+00   2.218311e-30 
1.246300e+00   2.170050e-30 
1.249000e+00   2.124601e-30 
1.257200e+00   2.353265e-30 
1.259900e+00   2.305637e-30 
1.262600e+00   2.257834e-30 
1.265300e+00   2.210468e-30 
1.268000e+00   2.163842e-30 
1.270800e+00   2.116438e-30 
1.273500e+00   2.071691e-30 
1.276200e+00   2.027941e-30 
1.278900e+00   1.985162e-30 
1.281600e+00   1.943353e-30 
1.289800e+00   2.064393e-30 
1.292500e+00   2.022581e-30 
1.295200e+00   1.980927e-30 
1.298000e+00   1.938302e-30 
1.300700e+00   1.897936e-30 
1.303400e+00   1.858368e-30 
1.306100e+00   1.819649e-30 
1.308900e+00   1.780392e-30 
1.311600e+00   1.743385e-30 
1.314300e+00   1.707208e-30 
1.317000e+00   1.671848e-30 
1.319700e+00   1.637281e-30 
1.322500e+00   1.602253e-30 
1.352200e+00   1.277114e-30 
1.327900e+00   1.536983e-30 
1.330600e+00   1.505446e-30 
1.333300e+00   1.474610e-30 
1.336100e+00   1.443358e-30 
1.338800e+00   1.413904e-30 
1.341500e+00   1.385105e-30 
1.344200e+00   1.356948e-30 
1.346900e+00   1.329411e-30 
1.349700e+00   1.301495e-30 
1.352400e+00   1.275183e-30 
1.355100e+00   1.249453e-30 
1.357800e+00   1.224282e-30 
1.360600e+00   1.198764e-30 
1.363300e+00   1.174705e-30 
1.366000e+00   1.151175e-30 
1.368700e+00   1.128149e-30 
1.371400e+00   1.105634e-30 
1.374200e+00   1.082797e-30 
1.376900e+00   1.061263e-30 
1.379600e+00   1.040201e-30 
1.382300e+00   1.019586e-30 
1.385000e+00   9.994198e-31 
1.387800e+00   9.789658e-31 
1.390500e+00   9.596709e-31 
1.393200e+00   9.407929e-31 
1.395900e+00   9.223192e-31 
1.398700e+00   9.035790e-31 
1.401400e+00   8.859029e-31 
1.404100e+00   8.686002e-31 
1.406800e+00   8.516669e-31 
1.409500e+00   8.350916e-31 
1.412300e+00   8.182752e-31 
1.415000e+00   8.024103e-31 
1.417700e+00   7.868807e-31 
1.420400e+00   7.716783e-31 
1.423100e+00   7.567964e-31 
1.425900e+00   7.416949e-31 
1.428600e+00   7.274329e-31 
1.431300e+00   7.134786e-31 
1.434000e+00   6.998172e-31 
1.436700e+00   6.864435e-31 
1.439500e+00   6.728653e-31 
1.442200e+00   6.600497e-31 
1.444900e+00   6.475044e-31 
1.447600e+00   6.352145e-31 
1.450400e+00   6.227409e-31 
1.453100e+00   6.109640e-31 
1.455800e+00   3.295438e-30 
1.458500e+00   3.259518e-30 
1.461200e+00   3.213922e-30 
1.464000e+00   3.161475e-30 
1.466700e+00   3.108764e-30 
1.469400e+00   3.055395e-30 
1.472100e+00   3.002138e-30 
1.474800e+00   2.949382e-30 
1.477600e+00   2.895435e-30 
1.480300e+00   2.844269e-30 
1.483000e+00   2.794005e-30 
1.485700e+00   2.744651e-30 
1.488400e+00   2.696219e-30 
1.491200e+00   2.646964e-30 
1.493900e+00   2.600388e-30 
1.496600e+00   2.554701e-30 
1.523800e+00   2.139842e-30 
1.551000e+00   1.796536e-30 
1.578200e+00   1.511721e-30 
1.605500e+00   1.274188e-30 
1.632700e+00   1.077234e-30 
1.823100e+00   3.547085e-31 
2.040800e+00   1.125924e-31 
2.176900e+00   5.807951e-32 
2.340200e+00   2.753160e-32 
2.530600e+00   1.222124e-32 
2.829900e+00   3.771171e-33 
3.047600e+00   1.717008e-33 
3.401400e+00   5.211885e-34 
3.700700e+00   2.025734e-34 
4.000000e+00   8.194276e-35 
4.299300e+00   3.399092e-35 
4.680300e+00   1.065716e-35 
5.006800e+00   4.133343e-36 
