1.300000e-02   1.553551e-18 
1.320000e-02   1.393359e-18 
1.340000e-02   1.251065e-18 
1.430000e-02   1.166930e-18 
1.450000e-02   1.055839e-18 
1.500000e-02   8.283985e-19 
2.000000e-02   1.514517e-19 
2.500000e-02   6.213986e-20 
3.000000e-02   4.004611e-20 
3.500000e-02   2.155065e-20 
4.000000e-02   1.202377e-20 
4.500000e-02   6.824290e-21 
5.000000e-02   3.856974e-21 
5.500000e-02   2.152388e-21 
6.000000e-02   1.203570e-21 
6.500000e-02   6.941705e-22 
7.000000e-02   4.223125e-22 
7.500000e-02   1.271356e-21 
8.000000e-02   1.100794e-21 
8.500000e-02   9.309639e-22 
9.000000e-02   8.175200e-22 
9.523900e-02   6.792712e-22 
1.006800e-01   5.216423e-22 
1.142900e-01   2.735172e-22 
1.197300e-01   2.160713e-22 
1.224500e-01   1.926119e-22 
1.251700e-01   1.719578e-22 
1.278900e-01   1.537112e-22 
1.306100e-01   1.375462e-22 
1.333300e-01   1.231934e-22 
1.360600e-01   1.103821e-22 
1.469400e-01   7.172876e-23 
1.496600e-01   6.449274e-23 
1.551000e-01   5.221794e-23 
1.578200e-01   4.702209e-23 
1.605500e-01   4.234804e-23 
1.659900e-01   4.267277e-23 
1.714300e-01   3.577816e-23 
1.768700e-01   3.243701e-23 
1.795900e-01   2.990051e-23 
1.823100e-01   2.741595e-23 
1.850400e-01   2.504121e-23 
1.877600e-01   2.283873e-23 
1.904800e-01   2.082584e-23 
1.959200e-01   1.734256e-23 
1.986400e-01   1.583263e-23 
2.040800e-01   1.321743e-23 
2.068000e-01   1.209254e-23 
2.095300e-01   1.107087e-23 
2.122500e-01   1.014902e-23 
2.149700e-01   9.313167e-24 
2.204100e-01   7.865074e-24 
2.258500e-01   6.666979e-24 
2.367400e-01   5.577779e-24 
2.476200e-01   4.135979e-24 
2.585100e-01   3.075380e-24 
2.721100e-01   2.148318e-24 
2.857200e-01   1.521902e-24 
2.993200e-01   1.093154e-24 
3.129300e-01   7.952298e-25 
3.401400e-01   4.365729e-25 
3.537400e-01   3.290746e-25 
3.809500e-01   1.928413e-25 
3.945600e-01   1.497412e-25 
4.081700e-01   1.172967e-25 
4.353800e-01   7.372656e-26 
4.625900e-01   4.766374e-26 
4.761900e-01   3.868469e-26 
4.898000e-01   3.156864e-26 
5.034000e-01   2.589930e-26 
5.170100e-01   2.134767e-26 
5.578300e-01   1.226807e-26 
5.714300e-01   1.027900e-26 
5.850400e-01   8.641033e-27 
6.122500e-01   6.165987e-27 
6.666700e-01   3.247639e-27 
6.802800e-01   2.784010e-27 
7.074900e-01   2.168169e-27 
7.347000e-01   1.659527e-27 
7.619100e-01   1.235149e-27 
7.891200e-01   9.279876e-28 
8.163300e-01   7.031453e-28 
8.435400e-01   5.369554e-28 
8.707500e-01   4.130355e-28 
9.115700e-01   2.821744e-28 
9.523900e-01   1.954861e-28 
9.932000e-01   2.219433e-28 
1.020400e+00   1.729217e-28 
1.061200e+00   1.575916e-28 
1.088400e+00   1.242211e-28 
1.102000e+00   1.105217e-28 
1.115700e+00   9.838141e-29 
1.129300e+00   8.776406e-29 
1.142900e+00   7.839217e-29 
1.156500e+00   7.010789e-29 
1.170100e+00   6.277557e-29 
1.197300e+00   1.440338e-28 
1.210900e+00   1.305653e-28 
1.224500e+00   1.184433e-28 
1.227200e+00   1.161867e-28 
1.229900e+00   1.139774e-28 
1.232700e+00   1.117348e-28 
1.235400e+00   1.096183e-28 
1.238100e+00   1.075457e-28 
1.240800e+00   1.055162e-28 
1.243500e+00   1.035289e-28 
1.246300e+00   1.015109e-28 
1.249000e+00   9.960605e-29 
1.257200e+00   9.405709e-29 
1.259900e+00   9.230512e-29 
1.262600e+00   9.058868e-29 
1.270800e+00   8.558751e-29 
1.281600e+00   7.945641e-29 
1.289800e+00   7.512318e-29 
1.292500e+00   7.375349e-29 
1.295200e+00   7.241131e-29 
1.298000e+00   7.104737e-29 
1.300700e+00   6.975912e-29 
1.303400e+00   6.849611e-29 
1.306100e+00   6.725831e-29 
1.314300e+00   6.364680e-29 
1.330600e+00   5.708186e-29 
1.341500e+00   5.310811e-29 
1.355100e+00   4.856970e-29 
1.360600e+00   4.685662e-29 
1.371400e+00   4.368230e-29 
1.382300e+00   4.071610e-29 
1.390500e+00   3.863036e-29 
1.395900e+00   3.732094e-29 
1.404100e+00   3.542486e-29 
1.406800e+00   3.482388e-29 
1.409500e+00   3.423399e-29 
1.415000e+00   3.306612e-29 
1.417700e+00   3.250894e-29 
1.420400e+00   3.196195e-29 
1.423100e+00   3.142510e-29 
1.425900e+00   3.087873e-29 
1.428600e+00   3.036181e-29 
1.431300e+00   2.985424e-29 
1.436700e+00   2.886705e-29 
1.439500e+00   2.836931e-29 
1.442200e+00   2.789821e-29 
1.444900e+00   2.743577e-29 
1.447600e+00   2.698171e-29 
1.450400e+00   2.651953e-29 
1.453100e+00   2.608200e-29 
1.455800e+00   2.565249e-29 
1.458500e+00   2.523065e-29 
1.461200e+00   2.481646e-29 
1.466700e+00   2.399559e-29 
1.469400e+00   2.360363e-29 
1.472100e+00   2.321863e-29 
1.477600e+00   2.245489e-29 
1.480300e+00   2.209044e-29 
1.488400e+00   2.103532e-29 
1.491200e+00   2.068366e-29 
1.496600e+00   2.002342e-29 
1.551000e+00   1.452328e-29 
1.632700e+00   9.132453e-30 
1.823100e+00   3.343384e-30 
2.340200e+00   3.330365e-31 
2.829900e+00   5.589840e-32 
3.047600e+00   2.762867e-32 
3.700700e+00   4.161847e-33 
