1.300000e-02   1.549576e-18 
1.320000e-02   1.389732e-18 
1.340000e-02   1.247751e-18 
1.430000e-02   1.163621e-18 
1.450000e-02   1.052803e-18 
1.500000e-02   8.259343e-19 
2.000000e-02   1.508970e-19 
2.500000e-02   6.186181e-20 
3.000000e-02   3.982945e-20 
3.500000e-02   2.141247e-20 
4.000000e-02   1.193433e-20 
4.500000e-02   6.766289e-21 
5.000000e-02   3.819996e-21 
5.500000e-02   2.129444e-21 
6.000000e-02   1.189534e-21 
6.500000e-02   6.854598e-22 
7.000000e-02   4.166855e-22 
7.500000e-02   1.254276e-21 
8.000000e-02   1.085195e-21 
8.500000e-02   9.169078e-22 
9.000000e-02   8.042882e-22 
9.523900e-02   6.675999e-22 
1.006800e-01   5.122354e-22 
1.142900e-01   2.679646e-22 
1.197300e-01   2.114677e-22 
1.224500e-01   1.884085e-22 
1.251700e-01   1.681149e-22 
1.278900e-01   1.501942e-22 
1.306100e-01   1.343252e-22 
1.333300e-01   1.202416e-22 
1.360600e-01   1.076766e-22 
1.469400e-01   6.981103e-23 
1.496600e-01   6.273213e-23 
1.551000e-01   5.073322e-23 
1.578200e-01   4.565834e-23 
1.605500e-01   4.109551e-23 
1.659900e-01   4.136796e-23 
1.714300e-01   3.464361e-23 
1.768700e-01   3.137455e-23 
1.795900e-01   2.890375e-23 
1.823100e-01   2.648628e-23 
1.850400e-01   2.417793e-23 
1.877600e-01   2.203883e-23 
1.904800e-01   2.008506e-23 
1.959200e-01   1.670686e-23 
1.986400e-01   1.524383e-23 
2.040800e-01   1.271193e-23 
2.068000e-01   1.162373e-23 
2.095300e-01   1.063584e-23 
2.122500e-01   9.744919e-24 
2.149700e-01   8.937486e-24 
2.204100e-01   7.539601e-24 
2.258500e-01   6.384169e-24 
2.367400e-01   5.329966e-24 
2.476200e-01   3.943347e-24 
2.585100e-01   2.925562e-24 
2.721100e-01   2.037948e-24 
2.857200e-01   1.439686e-24 
2.993200e-01   1.031228e-24 
3.129300e-01   7.481059e-25 
3.401400e-01   4.084528e-25 
3.537400e-01   3.070411e-25 
3.809500e-01   1.789562e-25 
3.945600e-01   1.385844e-25 
4.081700e-01   1.082638e-25 
4.353800e-01   6.768134e-26 
4.625900e-01   4.351763e-26 
4.761900e-01   3.522282e-26 
4.898000e-01   2.866425e-26 
5.034000e-01   2.345139e-26 
5.170100e-01   1.927608e-26 
5.578300e-01   1.098411e-26 
5.714300e-01   9.176994e-27 
5.850400e-01   7.692491e-27 
6.122500e-01   5.457475e-27 
6.666700e-01   2.840959e-27 
6.802800e-01   2.428184e-27 
7.074900e-01   1.877788e-27 
7.347000e-01   1.427902e-27 
7.619100e-01   1.056557e-27 
7.891200e-01   7.891365e-28 
8.163300e-01   5.943905e-28 
8.435400e-01   4.511980e-28 
8.707500e-01   3.449874e-28 
9.115700e-01   2.335557e-28 
9.523900e-01   1.603324e-28 
9.932000e-01   1.794439e-28 
1.020400e+00   1.389493e-28 
1.061200e+00   1.253430e-28 
1.088400e+00   9.818784e-29 
1.102000e+00   8.708742e-29 
1.115700e+00   7.727849e-29 
1.129300e+00   6.872393e-29 
1.142900e+00   6.119385e-29 
1.156500e+00   5.455639e-29 
1.170100e+00   4.869842e-29 
1.197300e+00   1.117658e-28 
1.210900e+00   1.009988e-28 
1.224500e+00   9.133546e-29 
1.227200e+00   8.953978e-29 
1.229900e+00   8.778267e-29 
1.232700e+00   8.599989e-29 
1.235400e+00   8.431812e-29 
1.238100e+00   8.267272e-29 
1.240800e+00   8.106187e-29 
1.243500e+00   7.948542e-29 
1.246300e+00   7.788582e-29 
1.249000e+00   7.637678e-29 
1.257200e+00   7.198539e-29 
1.259900e+00   7.060046e-29 
1.262600e+00   6.924471e-29 
1.270800e+00   6.529775e-29 
1.281600e+00   6.046903e-29 
1.289800e+00   5.706275e-29 
1.292500e+00   5.598751e-29 
1.295200e+00   5.493415e-29 
1.298000e+00   5.386461e-29 
1.300700e+00   5.285472e-29 
1.303400e+00   5.186540e-29 
1.306100e+00   5.089630e-29 
1.314300e+00   4.807180e-29 
1.330600e+00   4.295079e-29 
1.341500e+00   3.985977e-29 
1.355100e+00   3.633839e-29 
1.360600e+00   3.501196e-29 
1.371400e+00   3.255829e-29 
1.382300e+00   3.027049e-29 
1.390500e+00   2.866508e-29 
1.395900e+00   2.765871e-29 
1.404100e+00   2.620344e-29 
1.406800e+00   2.574263e-29 
1.409500e+00   2.529072e-29 
1.415000e+00   2.439667e-29 
1.417700e+00   2.397036e-29 
1.420400e+00   2.355227e-29 
1.423100e+00   2.314205e-29 
1.425900e+00   2.272487e-29 
1.428600e+00   2.233035e-29 
1.431300e+00   2.194324e-29 
1.436700e+00   2.119088e-29 
1.439500e+00   2.081188e-29 
1.442200e+00   2.045345e-29 
1.444900e+00   2.010171e-29 
1.447600e+00   1.975651e-29 
1.450400e+00   1.940539e-29 
1.453100e+00   1.907322e-29 
1.455800e+00   1.874727e-29 
1.458500e+00   1.842740e-29 
1.461200e+00   1.811343e-29 
1.466700e+00   1.749178e-29 
1.469400e+00   1.719521e-29 
1.472100e+00   1.690408e-29 
1.477600e+00   1.632701e-29 
1.480300e+00   1.605183e-29 
1.488400e+00   1.525621e-29 
1.491200e+00   1.499132e-29 
1.496600e+00   1.449446e-29 
1.551000e+00   1.037977e-29 
1.632700e+00   6.402585e-30 
1.823100e+00   2.240474e-30 
2.340200e+00   1.969057e-31 
2.829900e+00   2.933250e-32 
3.047600e+00   1.368084e-32 
3.700700e+00   1.718803e-33 
