1.300000e-02   1.548254e-18 
1.320000e-02   1.388526e-18 
1.340000e-02   1.246650e-18 
1.430000e-02   1.162521e-18 
1.450000e-02   1.051792e-18 
1.500000e-02   8.251145e-19 
2.000000e-02   1.507120e-19 
2.500000e-02   6.176933e-20 
3.000000e-02   3.975739e-20 
3.500000e-02   2.136654e-20 
4.000000e-02   1.190463e-20 
4.500000e-02   6.747036e-21 
5.000000e-02   3.807728e-21 
5.500000e-02   2.121839e-21 
6.000000e-02   1.184885e-21 
6.500000e-02   6.825747e-22 
7.000000e-02   4.148216e-22 
7.500000e-02   1.248615e-21 
8.000000e-02   1.080026e-21 
8.500000e-02   9.122519e-22 
9.000000e-02   7.999070e-22 
9.523900e-02   6.637374e-22 
1.006800e-01   5.091240e-22 
1.142900e-01   2.661302e-22 
1.197300e-01   2.099478e-22 
1.224500e-01   1.870211e-22 
1.251700e-01   1.668469e-22 
1.278900e-01   1.490342e-22 
1.306100e-01   1.332631e-22 
1.333300e-01   1.192686e-22 
1.360600e-01   1.067851e-22 
1.469400e-01   6.917993e-23 
1.496600e-01   6.215292e-23 
1.551000e-01   5.024512e-23 
1.578200e-01   4.521013e-23 
1.605500e-01   4.068403e-23 
1.659900e-01   4.093948e-23 
1.714300e-01   3.427127e-23 
1.768700e-01   3.102603e-23 
1.795900e-01   2.857691e-23 
1.823100e-01   2.618151e-23 
1.850400e-01   2.389502e-23 
1.877600e-01   2.177677e-23 
1.904800e-01   1.984244e-23 
1.959200e-01   1.649881e-23 
1.986400e-01   1.505116e-23 
2.040800e-01   1.254664e-23 
2.068000e-01   1.147045e-23 
2.095300e-01   1.049365e-23 
2.122500e-01   9.612867e-24 
2.149700e-01   8.814757e-24 
2.204100e-01   7.433350e-24 
2.258500e-01   6.291886e-24 
2.367400e-01   5.249194e-24 
2.476200e-01   3.880636e-24 
2.585100e-01   2.876848e-24 
2.721100e-01   2.002113e-24 
2.857200e-01   1.413030e-24 
2.993200e-01   1.011180e-24 
3.129300e-01   7.328738e-25 
3.401400e-01   3.993886e-25 
3.537400e-01   2.999488e-25 
3.809500e-01   1.744993e-25 
3.945600e-01   1.350082e-25 
4.081700e-01   1.053724e-25 
4.353800e-01   6.575178e-26 
4.625900e-01   4.219802e-26 
4.761900e-01   3.412262e-26 
4.898000e-01   2.774267e-26 
5.034000e-01   2.267573e-26 
5.170100e-01   1.862067e-26 
5.578300e-01   1.057979e-26 
5.714300e-01   8.830480e-27 
5.850400e-01   7.394732e-27 
6.122500e-01   5.235770e-27 
6.666700e-01   2.714532e-27 
6.802800e-01   2.317752e-27 
7.074900e-01   1.788065e-27 
7.347000e-01   1.356609e-27 
7.619100e-01   1.001765e-27 
7.891200e-01   7.466775e-28 
8.163300e-01   5.612463e-28 
8.435400e-01   4.251500e-28 
8.707500e-01   3.243885e-28 
9.115700e-01   2.189148e-28 
9.523900e-01   1.498015e-28 
9.932000e-01   1.668381e-28 
1.020400e+00   1.289086e-28 
1.061200e+00   1.158711e-28 
1.088400e+00   9.056852e-29 
1.102000e+00   8.024106e-29 
1.115700e+00   7.112388e-29 
1.129300e+00   6.318083e-29 
1.142900e+00   5.619586e-29 
1.156500e+00   5.004501e-29 
1.170100e+00   4.462190e-29 
1.197300e+00   1.023999e-28 
1.210900e+00   9.243262e-29 
1.224500e+00   8.349553e-29 
1.227200e+00   8.183584e-29 
1.229900e+00   8.021185e-29 
1.232700e+00   7.856487e-29 
1.235400e+00   7.701169e-29 
1.238100e+00   7.549172e-29 
1.240800e+00   7.400453e-29 
1.243500e+00   7.254912e-29 
1.246300e+00   7.107269e-29 
1.249000e+00   6.968009e-29 
1.257200e+00   6.562939e-29 
1.259900e+00   6.435239e-29 
1.262600e+00   6.310244e-29 
1.270800e+00   5.946533e-29 
1.281600e+00   5.501875e-29 
1.289800e+00   5.188432e-29 
1.292500e+00   5.089514e-29 
1.295200e+00   4.992648e-29 
1.298000e+00   4.894300e-29 
1.300700e+00   4.801472e-29 
1.303400e+00   4.710538e-29 
1.306100e+00   4.621487e-29 
1.314300e+00   4.362051e-29 
1.330600e+00   3.892083e-29 
1.341500e+00   3.608704e-29 
1.355100e+00   3.286187e-29 
1.360600e+00   3.164772e-29 
1.371400e+00   2.940323e-29 
1.382300e+00   2.731229e-29 
1.390500e+00   2.584601e-29 
1.395900e+00   2.492736e-29 
1.404100e+00   2.359953e-29 
1.406800e+00   2.317924e-29 
1.409500e+00   2.276717e-29 
1.415000e+00   2.195217e-29 
1.417700e+00   2.156379e-29 
1.420400e+00   2.118278e-29 
1.423100e+00   2.080919e-29 
1.425900e+00   2.042922e-29 
1.428600e+00   2.007000e-29 
1.431300e+00   1.971754e-29 
1.436700e+00   1.903292e-29 
1.439500e+00   1.868810e-29 
1.442200e+00   1.836203e-29 
1.444900e+00   1.804216e-29 
1.447600e+00   1.772835e-29 
1.450400e+00   1.740917e-29 
1.453100e+00   1.710721e-29 
1.455800e+00   1.681106e-29 
1.458500e+00   1.652049e-29 
1.461200e+00   1.623530e-29 
1.466700e+00   1.567085e-29 
1.469400e+00   1.540161e-29 
1.472100e+00   1.513740e-29 
1.477600e+00   1.461384e-29 
1.480300e+00   1.436429e-29 
1.488400e+00   1.364295e-29 
1.491200e+00   1.340291e-29 
1.496600e+00   1.295275e-29 
1.551000e+00   9.232999e-30 
1.632700e+00   5.655570e-30 
1.823100e+00   1.946858e-30 
2.340200e+00   1.632811e-31 
2.829900e+00   2.309895e-32 
3.047600e+00   1.060016e-32 
3.700700e+00   1.242143e-33 
