1.300000e-02   1.525593e-18 
1.320000e-02   1.367850e-18 
1.340000e-02   1.227776e-18 
1.430000e-02   1.143670e-18 
1.450000e-02   1.034491e-18 
1.500000e-02   8.110852e-19 
2.000000e-02   1.475532e-19 
2.500000e-02   6.019055e-20 
3.000000e-02   3.853021e-20 
3.500000e-02   2.058645e-20 
4.000000e-02   1.140133e-20 
4.500000e-02   6.421680e-21 
5.000000e-02   3.600983e-21 
5.500000e-02   1.993934e-21 
6.000000e-02   1.106845e-21 
6.500000e-02   6.342373e-22 
7.000000e-02   3.836396e-22 
7.500000e-02   1.153513e-21 
8.000000e-02   9.932949e-22 
8.500000e-02   8.343267e-22 
9.000000e-02   7.268321e-22 
9.523900e-02   5.994617e-22 
1.006800e-01   4.574030e-22 
1.142900e-01   2.357727e-22 
1.197300e-01   1.848553e-22 
1.224500e-01   1.641473e-22 
1.251700e-01   1.459697e-22 
1.278900e-01   1.299612e-22 
1.306100e-01   1.158257e-22 
1.333300e-01   1.033176e-22 
1.360600e-01   9.219200e-23 
1.469400e-01   5.891365e-23 
1.496600e-01   5.274590e-23 
1.551000e-01   4.234291e-23 
1.578200e-01   3.796572e-23 
1.605500e-01   3.404374e-23 
1.659900e-01   3.403724e-23 
1.714300e-01   2.829199e-23 
1.768700e-01   2.544305e-23 
1.795900e-01   2.334939e-23 
1.823100e-01   2.131517e-23 
1.850400e-01   1.938476e-23 
1.877600e-01   1.760500e-23 
1.904800e-01   1.598589e-23 
1.959200e-01   1.320091e-23 
1.986400e-01   1.200172e-23 
2.040800e-01   9.937406e-24 
2.068000e-01   9.054558e-24 
2.095300e-01   8.255642e-24 
2.122500e-01   7.537352e-24 
2.149700e-01   6.888395e-24 
2.204100e-01   5.769999e-24 
2.258500e-01   4.851280e-24 
2.367400e-01   3.994860e-24 
2.476200e-01   2.912304e-24 
2.585100e-01   2.128872e-24 
2.721100e-01   1.455742e-24 
2.857200e-01   1.009450e-24 
2.993200e-01   7.097316e-25 
3.129300e-01   5.053786e-25 
3.401400e-01   2.658513e-25 
3.537400e-01   1.961641e-25 
3.809500e-01   1.101524e-25 
3.945600e-01   8.372189e-26 
4.081700e-01   6.418798e-26 
4.353800e-01   3.863716e-26 
4.625900e-01   2.390804e-26 
4.761900e-01   1.897914e-26 
4.898000e-01   1.514560e-26 
5.034000e-01   1.214894e-26 
5.170100e-01   9.788797e-27 
5.578300e-01   5.248377e-27 
5.714300e-01   4.295252e-27 
5.850400e-01   3.526139e-27 
6.122500e-01   2.398169e-27 
6.666700e-01   1.144892e-27 
6.802800e-01   9.571958e-28 
7.074900e-01   7.036521e-28 
7.347000e-01   5.098363e-28 
7.619100e-01   3.606794e-28 
7.891200e-01   2.573682e-28 
8.163300e-01   1.850757e-28 
8.435400e-01   1.340379e-28 
8.707500e-01   9.771503e-29 
9.115700e-01   6.151301e-29 
9.523900e-01   3.920952e-29 
9.932000e-01   3.950985e-29 
1.020400e+00   2.906106e-29 
1.061200e+00   2.410756e-29 
1.088400e+00   1.790706e-29 
1.102000e+00   1.546242e-29 
1.115700e+00   1.335320e-29 
1.129300e+00   1.155718e-29 
1.142900e+00   1.001394e-29 
1.156500e+00   8.686222e-30 
1.170100e+00   7.542562e-30 
1.197300e+00   1.701264e-29 
1.210900e+00   1.494946e-29 
1.224500e+00   1.314314e-29 
1.227200e+00   1.281251e-29 
1.229900e+00   1.249057e-29 
1.232700e+00   1.216552e-29 
1.235400e+00   1.186056e-29 
1.238100e+00   1.156353e-29 
1.240800e+00   1.127432e-29 
1.243500e+00   1.099260e-29 
1.246300e+00   1.070819e-29 
1.249000e+00   1.044121e-29 
1.257200e+00   9.672113e-30 
1.259900e+00   9.432042e-30 
1.262600e+00   9.198142e-30 
1.270800e+00   8.524160e-30 
1.281600e+00   7.714119e-30 
1.289800e+00   7.152834e-30 
1.292500e+00   6.977459e-30 
1.295200e+00   6.806585e-30 
1.298000e+00   6.633926e-30 
1.300700e+00   6.471763e-30 
1.303400e+00   6.313679e-30 
1.306100e+00   6.159693e-30 
1.314300e+00   5.715428e-30 
1.330600e+00   4.928346e-30 
1.341500e+00   4.465554e-30 
1.355100e+00   3.950662e-30 
1.360600e+00   3.760251e-30 
1.371400e+00   3.413654e-30 
1.382300e+00   3.097279e-30 
1.390500e+00   2.879401e-30 
1.395900e+00   2.744656e-30 
1.404100e+00   2.552389e-30 
1.406800e+00   2.492183e-30 
1.409500e+00   2.433458e-30 
1.415000e+00   2.318199e-30 
1.417700e+00   2.263690e-30 
1.420400e+00   2.210510e-30 
1.423100e+00   2.158643e-30 
1.425900e+00   2.106165e-30 
1.428600e+00   2.056806e-30 
1.431300e+00   2.008653e-30 
1.436700e+00   1.915787e-30 
1.439500e+00   1.869403e-30 
1.442200e+00   1.825778e-30 
1.444900e+00   1.783187e-30 
1.447600e+00   1.741638e-30 
1.450400e+00   1.699587e-30 
1.453100e+00   1.660052e-30 
1.455800e+00   1.621458e-30 
1.458500e+00   1.583793e-30 
1.461200e+00   1.547020e-30 
1.466700e+00   1.474833e-30 
1.469400e+00   1.440679e-30 
1.472100e+00   1.407331e-30 
1.477600e+00   1.341854e-30 
1.480300e+00   1.310884e-30 
1.488400e+00   1.222273e-30 
1.491200e+00   1.193098e-30 
1.496600e+00   1.138850e-30 
1.551000e+00   7.151662e-31 
1.632700e+00   3.594264e-31 
1.823100e+00   7.494670e-32 
2.340200e+00   1.027573e-33 
2.829900e+00   3.760100e-36 
3.047600e+00   0.000000e+00 
3.700700e+00   0.000000e+00 
