1.300000e-02   1.489577e-18 
1.320000e-02   1.334996e-18 
1.340000e-02   1.197785e-18 
1.430000e-02   1.113740e-18 
1.450000e-02   1.007033e-18 
1.500000e-02   7.888265e-19 
2.000000e-02   1.425392e-19 
2.500000e-02   5.768667e-20 
3.000000e-02   3.664015e-20 
3.500000e-02   1.939609e-20 
4.000000e-02   1.063743e-20 
4.500000e-02   5.929682e-21 
5.000000e-02   3.289621e-21 
5.500000e-02   1.801995e-21 
6.000000e-02   9.899787e-22 
6.500000e-02   5.618764e-22 
7.000000e-02   3.369354e-22 
7.500000e-02   1.009606e-21 
8.000000e-02   8.625303e-22 
8.500000e-02   7.176325e-22 
9.000000e-02   6.183958e-22 
9.523900e-02   5.048060e-22 
1.006800e-01   3.816565e-22 
1.142900e-01   1.919961e-22 
1.197300e-01   1.489335e-22 
1.224500e-01   1.315252e-22 
1.251700e-01   1.163095e-22 
1.278900e-01   1.029697e-22 
1.306100e-01   9.124594e-23 
1.333300e-01   8.092224e-23 
1.360600e-01   7.178562e-23 
1.469400e-01   4.479002e-23 
1.496600e-01   3.985755e-23 
1.551000e-01   3.160563e-23 
1.578200e-01   2.816325e-23 
1.605500e-01   2.509630e-23 
1.659900e-01   2.477981e-23 
1.714300e-01   2.033760e-23 
1.768700e-01   1.806199e-23 
1.795900e-01   1.646717e-23 
1.823100e-01   1.493471e-23 
1.850400e-01   1.349468e-23 
1.877600e-01   1.217797e-23 
1.904800e-01   1.098810e-23 
1.959200e-01   8.959481e-24 
1.986400e-01   8.094469e-24 
2.040800e-01   6.618768e-24 
2.068000e-01   5.993085e-24 
2.095300e-01   5.429983e-24 
2.122500e-01   4.926475e-24 
2.149700e-01   4.474044e-24 
2.204100e-01   3.700604e-24 
2.258500e-01   3.072197e-24 
2.367400e-01   2.468252e-24 
2.476200e-01   1.752228e-24 
2.585100e-01   1.246786e-24 
2.721100e-01   8.239743e-25 
2.857200e-01   5.519402e-25 
2.993200e-01   3.747208e-25 
3.129300e-01   2.575488e-25 
3.401400e-01   1.260890e-25 
3.537400e-01   8.970731e-26 
3.809500e-01   4.677521e-26 
3.945600e-01   3.423597e-26 
4.081700e-01   2.526450e-26 
4.353800e-01   1.406657e-26 
4.625900e-01   8.031141e-27 
4.761900e-01   6.117854e-27 
4.898000e-01   4.681287e-27 
5.034000e-01   3.597958e-27 
5.170100e-01   2.775382e-27 
5.578300e-01   1.299138e-27 
5.714300e-01   1.014372e-27 
5.850400e-01   7.937160e-28 
6.122500e-01   4.889883e-28 
6.666700e-01   1.891683e-28 
6.802800e-01   1.496335e-28 
7.074900e-01   9.722413e-29 
7.347000e-01   6.220808e-29 
7.619100e-01   3.888516e-29 
7.891200e-01   2.436477e-29 
8.163300e-01   1.528313e-29 
8.435400e-01   9.584697e-30 
8.707500e-01   6.002087e-30 
9.115700e-01   2.957221e-30 
9.523900e-01   1.440340e-30 
9.932000e-01   1.010538e-30 
1.020400e+00   5.962914e-31 
1.061200e+00   3.379527e-31 
1.088400e+00   1.906026e-31 
1.102000e+00   1.418524e-31 
1.115700e+00   1.046125e-31 
1.129300e+00   7.664979e-32 
1.142900e+00   5.565670e-32 
1.156500e+00   3.994848e-32 
1.170100e+00   2.832335e-32 
1.197300e+00   4.473748e-32 
1.210900e+00   3.033635e-32 
1.224500e+00   1.998131e-32 
1.227200e+00   1.831807e-32 
1.229900e+00   1.677634e-32 
1.232700e+00   1.529733e-32 
1.235400e+00   1.396787e-32 
1.238100e+00   1.272398e-32 
1.240800e+00   1.157386e-32 
1.243500e+00   1.051144e-32 
1.246300e+00   9.484927e-33 
1.249000e+00   8.577970e-33 
1.257200e+00   6.244551e-33 
1.259900e+00   5.590192e-33 
1.262600e+00   4.990961e-33 
1.270800e+00   3.471315e-33 
1.281600e+00   2.040331e-33 
1.289800e+00   1.286177e-33 
1.292500e+00   1.092334e-33 
1.295200e+00   9.187178e-34 
1.298000e+00   7.588383e-34 
1.300700e+00   6.242391e-34 
1.303400e+00   5.107352e-34 
1.306100e+00   4.096441e-34 
1.314300e+00   1.900107e-34 
1.330600e+00   1.330564e-35 
1.341500e+00   0.000000e+00 
1.355100e+00   0.000000e+00 
1.360600e+00   0.000000e+00 
1.371400e+00   0.000000e+00 
1.382300e+00   0.000000e+00 
1.390500e+00   0.000000e+00 
1.395900e+00   0.000000e+00 
1.404100e+00   0.000000e+00 
1.406800e+00   0.000000e+00 
1.409500e+00   0.000000e+00 
1.415000e+00   0.000000e+00 
1.417700e+00   0.000000e+00 
1.420400e+00   0.000000e+00 
1.423100e+00   0.000000e+00 
1.425900e+00   0.000000e+00 
1.428600e+00   0.000000e+00 
1.431300e+00   0.000000e+00 
1.436700e+00   0.000000e+00 
1.439500e+00   0.000000e+00 
1.442200e+00   0.000000e+00 
1.444900e+00   0.000000e+00 
1.447600e+00   0.000000e+00 
1.450400e+00   0.000000e+00 
1.453100e+00   0.000000e+00 
1.455800e+00   0.000000e+00 
1.458500e+00   0.000000e+00 
1.461200e+00   0.000000e+00 
1.466700e+00   0.000000e+00 
1.469400e+00   0.000000e+00 
1.472100e+00   0.000000e+00 
1.477600e+00   0.000000e+00 
1.480300e+00   0.000000e+00 
1.488400e+00   0.000000e+00 
1.491200e+00   0.000000e+00 
1.496600e+00   0.000000e+00 
1.551000e+00   0.000000e+00 
1.632700e+00   0.000000e+00 
1.823100e+00   0.000000e+00 
2.340200e+00   0.000000e+00 
2.829900e+00   0.000000e+00 
3.047600e+00   0.000000e+00 
3.700700e+00   0.000000e+00 
