1.300000e-02   1.547308e-18 
1.320000e-02   1.387665e-18 
1.340000e-02   1.245863e-18 
1.430000e-02   1.161735e-18 
1.450000e-02   1.051067e-18 
1.500000e-02   8.245284e-19 
2.000000e-02   1.505804e-19 
2.500000e-02   6.170336e-20 
3.000000e-02   3.970597e-20 
3.500000e-02   2.133377e-20 
4.000000e-02   1.188344e-20 
4.500000e-02   6.733309e-21 
5.000000e-02   3.798980e-21 
5.500000e-02   2.116418e-21 
6.000000e-02   1.181570e-21 
6.500000e-02   6.805187e-22 
7.000000e-02   4.134948e-22 
7.500000e-02   1.244579e-21 
8.000000e-02   1.076341e-21 
8.500000e-02   9.089353e-22 
9.000000e-02   7.967872e-22 
9.523900e-02   6.609885e-22 
1.006800e-01   5.069084e-22 
1.142900e-01   2.648251e-22 
1.197300e-01   2.088666e-22 
1.224500e-01   1.860343e-22 
1.251700e-01   1.659452e-22 
1.278900e-01   1.482093e-22 
1.306100e-01   1.325079e-22 
1.333300e-01   1.185769e-22 
1.360600e-01   1.061514e-22 
1.469400e-01   6.873165e-23 
1.496600e-01   6.174157e-23 
1.551000e-01   4.989857e-23 
1.578200e-01   4.489196e-23 
1.605500e-01   4.039202e-23 
1.659900e-01   4.063533e-23 
1.714300e-01   3.400707e-23 
1.768700e-01   3.077881e-23 
1.795900e-01   2.834510e-23 
1.823100e-01   2.596533e-23 
1.850400e-01   2.369443e-23 
1.877600e-01   2.159098e-23 
1.904800e-01   1.967045e-23 
1.959200e-01   1.635134e-23 
1.986400e-01   1.491463e-23 
2.040800e-01   1.242952e-23 
2.068000e-01   1.136187e-23 
2.095300e-01   1.039295e-23 
2.122500e-01   9.519372e-24 
2.149700e-01   8.727868e-24 
2.204100e-01   7.358139e-24 
2.258500e-01   6.226578e-24 
2.367400e-01   5.192056e-24 
2.476200e-01   3.836300e-24 
2.585100e-01   2.842424e-24 
2.721100e-01   1.976806e-24 
2.857200e-01   1.394220e-24 
2.993200e-01   9.970416e-25 
3.129300e-01   7.221353e-25 
3.401400e-01   3.930073e-25 
3.537400e-01   2.949587e-25 
3.809500e-01   1.713674e-25 
3.945600e-01   1.324966e-25 
4.081700e-01   1.033435e-25 
4.353800e-01   6.439917e-26 
4.625900e-01   4.127418e-26 
4.761900e-01   3.335287e-26 
4.898000e-01   2.709824e-26 
5.034000e-01   2.213378e-26 
5.170100e-01   1.816302e-26 
5.578300e-01   1.029801e-26 
5.714300e-01   8.589181e-27 
5.850400e-01   7.187523e-27 
6.122500e-01   5.081707e-27 
6.666700e-01   2.626930e-27 
6.802800e-01   2.241289e-27 
7.074900e-01   1.726054e-27 
7.347000e-01   1.307425e-27 
7.619100e-01   9.640192e-28 
7.891200e-01   7.174711e-28 
8.163300e-01   5.384802e-28 
8.435400e-01   4.072848e-28 
8.707500e-01   3.102824e-28 
9.115700e-01   2.089113e-28 
9.523900e-01   1.426227e-28 
9.932000e-01   1.582811e-28 
1.020400e+00   1.221028e-28 
1.061200e+00   1.094666e-28 
1.088400e+00   8.542439e-29 
1.102000e+00   7.562217e-29 
1.115700e+00   6.697515e-29 
1.129300e+00   5.944718e-29 
1.142900e+00   5.283194e-29 
1.156500e+00   4.701100e-29 
1.170100e+00   4.188252e-29 
1.197300e+00   9.610229e-29 
1.210900e+00   8.667725e-29 
1.224500e+00   7.823236e-29 
1.227200e+00   7.666467e-29 
1.229900e+00   7.513125e-29 
1.232700e+00   7.357610e-29 
1.235400e+00   7.210962e-29 
1.238100e+00   7.067479e-29 
1.240800e+00   6.927122e-29 
1.243500e+00   6.789785e-29 
1.246300e+00   6.650489e-29 
1.249000e+00   6.519113e-29 
1.257200e+00   6.137076e-29 
1.259900e+00   6.016680e-29 
1.262600e+00   5.898835e-29 
1.270800e+00   5.556087e-29 
1.281600e+00   5.137243e-29 
1.289800e+00   4.842162e-29 
1.292500e+00   4.749050e-29 
1.295200e+00   4.657899e-29 
1.298000e+00   4.565373e-29 
1.300700e+00   4.478041e-29 
1.303400e+00   4.392507e-29 
1.306100e+00   4.308754e-29 
1.314300e+00   4.064842e-29 
1.330600e+00   3.623276e-29 
1.341500e+00   3.357228e-29 
1.355100e+00   3.054631e-29 
1.360600e+00   2.940777e-29 
1.371400e+00   2.730394e-29 
1.382300e+00   2.534531e-29 
1.390500e+00   2.397244e-29 
1.395900e+00   2.311270e-29 
1.404100e+00   2.187035e-29 
1.406800e+00   2.147736e-29 
1.409500e+00   2.109198e-29 
1.415000e+00   2.033007e-29 
1.417700e+00   1.996695e-29 
1.420400e+00   1.961095e-29 
1.423100e+00   1.926176e-29 
1.425900e+00   1.890682e-29 
1.428600e+00   1.857127e-29 
1.431300e+00   1.824219e-29 
1.436700e+00   1.760284e-29 
1.439500e+00   1.728091e-29 
1.442200e+00   1.697655e-29 
1.444900e+00   1.667802e-29 
1.447600e+00   1.638518e-29 
1.450400e+00   1.608735e-29 
1.453100e+00   1.580575e-29 
1.455800e+00   1.552949e-29 
1.458500e+00   1.525847e-29 
1.461200e+00   1.499256e-29 
1.466700e+00   1.446632e-29 
1.469400e+00   1.421538e-29 
1.472100e+00   1.396914e-29 
1.477600e+00   1.348176e-29 
1.480300e+00   1.324930e-29 
1.488400e+00   1.257764e-29 
1.491200e+00   1.235414e-29 
1.496600e+00   1.193519e-29 
1.551000e+00   8.478479e-30 
1.632700e+00   5.166392e-30 
1.823100e+00   1.756523e-30 
2.340200e+00   1.421205e-31 
2.829900e+00   1.944814e-32 
3.047600e+00   8.781494e-33 
3.700700e+00   9.794977e-34 
