1.300000e-02   1.537257e-18 
1.320000e-02   1.378493e-18 
1.340000e-02   1.237491e-18 
1.430000e-02   1.153370e-18 
1.450000e-02   1.043391e-18 
1.500000e-02   8.183045e-19 
2.000000e-02   1.491781e-19 
2.500000e-02   6.100210e-20 
3.000000e-02   3.916035e-20 
3.500000e-02   2.098654e-20 
4.000000e-02   1.165914e-20 
4.500000e-02   6.588133e-21 
5.000000e-02   3.706627e-21 
5.500000e-02   2.059216e-21 
6.000000e-02   1.146640e-21 
6.500000e-02   6.588664e-22 
7.000000e-02   3.995189e-22 
7.500000e-02   1.202025e-21 
8.000000e-02   1.037514e-21 
8.500000e-02   8.740117e-22 
9.000000e-02   7.639931e-22 
9.523900e-02   6.321191e-22 
1.006800e-01   4.836716e-22 
1.142900e-01   2.511648e-22 
1.197300e-01   1.975644e-22 
1.224500e-01   1.757258e-22 
1.251700e-01   1.565310e-22 
1.278900e-01   1.396034e-22 
1.306100e-01   1.246351e-22 
1.333300e-01   1.113705e-22 
1.360600e-01   9.955406e-23 
1.469400e-01   6.407751e-23 
1.496600e-01   5.747392e-23 
1.551000e-01   4.630841e-23 
1.578200e-01   4.159831e-23 
1.605500e-01   3.737076e-23 
1.659900e-01   3.749175e-23 
1.714300e-01   3.127999e-23 
1.768700e-01   2.822939e-23 
1.795900e-01   2.595618e-23 
1.823100e-01   2.373989e-23 
1.850400e-01   2.163027e-23 
1.877600e-01   1.968040e-23 
1.904800e-01   1.790302e-23 
1.959200e-01   1.483785e-23 
1.986400e-01   1.351424e-23 
2.040800e-01   1.122971e-23 
2.068000e-01   1.025024e-23 
2.095300e-01   9.362493e-24 
2.122500e-01   8.563117e-24 
2.149700e-01   7.839758e-24 
2.204100e-01   6.590292e-24 
2.258500e-01   5.560708e-24 
2.367400e-01   4.610878e-24 
2.476200e-01   3.386448e-24 
2.585100e-01   2.493973e-24 
2.721100e-01   1.721410e-24 
2.857200e-01   1.204946e-24 
2.993200e-01   8.552086e-25 
3.129300e-01   6.147596e-25 
3.401400e-01   3.295884e-25 
3.537400e-01   2.455206e-25 
3.809500e-01   1.405306e-25 
3.945600e-01   1.078454e-25 
4.081700e-01   8.348863e-26 
4.353800e-01   5.124892e-26 
4.625900e-01   3.234974e-26 
4.761900e-01   2.594102e-26 
4.898000e-01   2.091347e-26 
5.034000e-01   1.694919e-26 
5.170100e-01   1.379943e-26 
5.578300e-01   7.638442e-27 
5.714300e-01   6.319431e-27 
5.850400e-01   5.245041e-27 
6.122500e-01   3.647514e-27 
6.666700e-01   1.822960e-27 
6.802800e-01   1.542064e-27 
7.074900e-01   1.164168e-27 
7.347000e-01   8.653928e-28 
7.619100e-01   6.271738e-28 
7.891200e-01   4.586795e-28 
8.163300e-01   3.382101e-28 
8.435400e-01   2.512709e-28 
8.707500e-01   1.879959e-28 
9.115700e-01   1.231465e-28 
9.523900e-01   8.176169e-29 
9.932000e-01   8.712907e-29 
1.020400e+00   6.594305e-29 
1.061200e+00   5.730256e-29 
1.088400e+00   4.385275e-29 
1.102000e+00   3.844151e-29 
1.115700e+00   3.371000e-29 
1.129300e+00   2.962664e-29 
1.142900e+00   2.607010e-29 
1.156500e+00   2.296818e-29 
1.170100e+00   2.025921e-29 
1.197300e+00   4.628897e-29 
1.210900e+00   4.133112e-29 
1.224500e+00   3.692848e-29 
1.227200e+00   3.611563e-29 
1.229900e+00   3.532199e-29 
1.232700e+00   3.451849e-29 
1.235400e+00   3.376230e-29 
1.238100e+00   3.302371e-29 
1.240800e+00   3.230241e-29 
1.243500e+00   3.159801e-29 
1.246300e+00   3.088474e-29 
1.249000e+00   3.021328e-29 
1.257200e+00   2.826796e-29 
1.259900e+00   2.765711e-29 
1.262600e+00   2.706030e-29 
1.270800e+00   2.533058e-29 
1.281600e+00   2.323039e-29 
1.289800e+00   2.176011e-29 
1.292500e+00   2.129795e-29 
1.295200e+00   2.084629e-29 
1.298000e+00   2.038870e-29 
1.300700e+00   1.995757e-29 
1.303400e+00   1.953612e-29 
1.306100e+00   1.912417e-29 
1.314300e+00   1.792888e-29 
1.330600e+00   1.578292e-29 
1.341500e+00   1.450184e-29 
1.355100e+00   1.305685e-29 
1.360600e+00   1.251680e-29 
1.371400e+00   1.152430e-29 
1.382300e+00   1.060724e-29 
1.390500e+00   9.968679e-30 
1.395900e+00   9.570636e-30 
1.404100e+00   8.998170e-30 
1.406800e+00   8.817761e-30 
1.409500e+00   8.641168e-30 
1.415000e+00   8.293091e-30 
1.417700e+00   8.127696e-30 
1.420400e+00   7.965807e-30 
1.423100e+00   7.807348e-30 
1.425900e+00   7.646540e-30 
1.428600e+00   7.494820e-30 
1.431300e+00   7.346337e-30 
1.436700e+00   7.058614e-30 
1.439500e+00   6.914180e-30 
1.442200e+00   6.777891e-30 
1.444900e+00   6.644452e-30 
1.447600e+00   6.513800e-30 
1.450400e+00   6.381200e-30 
1.453100e+00   6.256041e-30 
1.455800e+00   6.133488e-30 
1.458500e+00   6.013507e-30 
1.461200e+00   5.896020e-30 
1.466700e+00   5.664170e-30 
1.469400e+00   5.553899e-30 
1.472100e+00   5.445955e-30 
1.477600e+00   5.232751e-30 
1.480300e+00   5.131400e-30 
1.488400e+00   4.839715e-30 
1.491200e+00   4.743023e-30 
1.496600e+00   4.562319e-30 
1.551000e+00   3.100999e-30 
1.632700e+00   1.766038e-30 
1.823100e+00   5.096484e-31 
2.340200e+00   2.507990e-32 
2.829900e+00   1.959684e-33 
3.047600e+00   6.584971e-34 
3.700700e+00   2.353441e-35 
