1.300000e-02   1.552224e-18 
1.320000e-02   1.392148e-18 
1.340000e-02   1.249959e-18 
1.430000e-02   1.165826e-18 
1.450000e-02   1.054827e-18 
1.500000e-02   8.275784e-19 
2.000000e-02   1.512667e-19 
2.500000e-02   6.204706e-20 
3.000000e-02   3.997382e-20 
3.500000e-02   2.150452e-20 
4.000000e-02   1.199390e-20 
4.500000e-02   6.804918e-21 
5.000000e-02   3.844615e-21 
5.500000e-02   2.144724e-21 
6.000000e-02   1.198879e-21 
6.500000e-02   6.912582e-22 
7.000000e-02   4.204315e-22 
7.500000e-02   1.265649e-21 
8.000000e-02   1.095579e-21 
8.500000e-02   9.262647e-22 
9.000000e-02   8.130946e-22 
9.523900e-02   6.753666e-22 
1.006800e-01   5.184946e-22 
1.142900e-01   2.716582e-22 
1.197300e-01   2.145294e-22 
1.224500e-01   1.912038e-22 
1.251700e-01   1.706703e-22 
1.278900e-01   1.525327e-22 
1.306100e-01   1.364667e-22 
1.333300e-01   1.222040e-22 
1.360600e-01   1.094751e-22 
1.469400e-01   7.108542e-23 
1.496600e-01   6.390202e-23 
1.551000e-01   5.171960e-23 
1.578200e-01   4.656429e-23 
1.605500e-01   4.192749e-23 
1.659900e-01   4.223459e-23 
1.714300e-01   3.539705e-23 
1.768700e-01   3.208002e-23 
1.795900e-01   2.956557e-23 
1.823100e-01   2.710346e-23 
1.850400e-01   2.475099e-23 
1.877600e-01   2.256981e-23 
1.904800e-01   2.057674e-23 
1.959200e-01   1.712875e-23 
1.986400e-01   1.563456e-23 
2.040800e-01   1.304734e-23 
2.068000e-01   1.193475e-23 
2.095300e-01   1.092445e-23 
2.122500e-01   1.001298e-23 
2.149700e-01   9.186675e-24 
2.204100e-01   7.755466e-24 
2.258500e-01   6.571705e-24 
2.367400e-01   5.494254e-24 
2.476200e-01   4.071008e-24 
2.585100e-01   3.024828e-24 
2.721100e-01   2.111046e-24 
2.857200e-01   1.494118e-24 
2.993200e-01   1.072213e-24 
3.129300e-01   7.792825e-25 
3.401400e-01   4.270434e-25 
3.537400e-01   3.216029e-25 
3.809500e-01   1.881262e-25 
3.945600e-01   1.459503e-25 
4.081700e-01   1.142253e-25 
4.353800e-01   7.166815e-26 
4.625900e-01   4.625007e-26 
4.761900e-01   3.750352e-26 
4.898000e-01   3.057692e-26 
5.034000e-01   2.506286e-26 
5.170100e-01   2.063929e-26 
5.578300e-01   1.182805e-26 
5.714300e-01   9.901056e-27 
5.850400e-01   8.315488e-27 
6.122500e-01   5.922448e-27 
6.666700e-01   3.107412e-27 
6.802800e-01   2.661222e-27 
7.074900e-01   2.067759e-27 
7.347000e-01   1.579285e-27 
7.619100e-01   1.173184e-27 
7.891200e-01   8.797370e-28 
8.163300e-01   6.652951e-28 
8.435400e-01   5.070615e-28 
8.707500e-01   3.892772e-28 
9.115700e-01   2.651595e-28 
9.523900e-01   1.831538e-28 
9.932000e-01   2.069656e-28 
1.020400e+00   1.609296e-28 
1.061200e+00   1.461759e-28 
1.088400e+00   1.149905e-28 
1.102000e+00   1.022055e-28 
1.115700e+00   9.088641e-29 
1.129300e+00   8.099621e-29 
1.142900e+00   7.227393e-29 
1.156500e+00   6.457110e-29 
1.170100e+00   5.775948e-29 
1.197300e+00   1.325483e-28 
1.210900e+00   1.200332e-28 
1.224500e+00   1.087787e-28 
1.227200e+00   1.066851e-28 
1.229900e+00   1.046354e-28 
1.232700e+00   1.025552e-28 
1.235400e+00   1.005925e-28 
1.238100e+00   9.867070e-29 
1.240800e+00   9.678930e-29 
1.243500e+00   9.494714e-29 
1.246300e+00   9.307726e-29 
1.249000e+00   9.131214e-29 
1.257200e+00   8.617275e-29 
1.259900e+00   8.455047e-29 
1.262600e+00   8.296186e-29 
1.270800e+00   7.833356e-29 
1.281600e+00   7.266387e-29 
1.289800e+00   6.865895e-29 
1.292500e+00   6.739363e-29 
1.295200e+00   6.615380e-29 
1.298000e+00   6.489443e-29 
1.300700e+00   6.370470e-29 
1.303400e+00   6.253882e-29 
1.306100e+00   6.139631e-29 
1.314300e+00   5.806391e-29 
1.330600e+00   5.201156e-29 
1.341500e+00   4.835145e-29 
1.355100e+00   4.417470e-29 
1.360600e+00   4.259913e-29 
1.371400e+00   3.968119e-29 
1.382300e+00   3.695656e-29 
1.390500e+00   3.504197e-29 
1.395900e+00   3.384053e-29 
1.404100e+00   3.210158e-29 
1.406800e+00   3.155058e-29 
1.409500e+00   3.100996e-29 
1.415000e+00   2.993972e-29 
1.417700e+00   2.942928e-29 
1.420400e+00   2.892830e-29 
1.423100e+00   2.843660e-29 
1.425900e+00   2.793639e-29 
1.428600e+00   2.746317e-29 
1.431300e+00   2.699863e-29 
1.436700e+00   2.609532e-29 
1.439500e+00   2.563996e-29 
1.442200e+00   2.520917e-29 
1.444900e+00   2.478626e-29 
1.447600e+00   2.437113e-29 
1.450400e+00   2.394862e-29 
1.453100e+00   2.354875e-29 
1.455800e+00   2.315625e-29 
1.458500e+00   2.277090e-29 
1.461200e+00   2.239256e-29 
1.466700e+00   2.164299e-29 
1.469400e+00   2.128511e-29 
1.472100e+00   2.093367e-29 
1.477600e+00   2.023676e-29 
1.480300e+00   1.990426e-29 
1.488400e+00   1.894211e-29 
1.491200e+00   1.862151e-29 
1.496600e+00   1.801982e-29 
1.551000e+00   1.301688e-29 
1.632700e+00   8.135139e-30 
1.823100e+00   2.935837e-30 
2.340200e+00   2.811490e-31 
2.829900e+00   4.541881e-32 
3.047600e+00   2.206148e-32 
3.700700e+00   3.145545e-33 
