1.300000e-02   1.541646e-18 
1.320000e-02   1.382501e-18 
1.340000e-02   1.241147e-18 
1.430000e-02   1.157023e-18 
1.450000e-02   1.046747e-18 
1.500000e-02   8.210238e-19 
2.000000e-02   1.497906e-19 
2.500000e-02   6.130829e-20 
3.000000e-02   3.939845e-20 
3.500000e-02   2.113797e-20 
4.000000e-02   1.175689e-20 
4.500000e-02   6.651362e-21 
5.000000e-02   3.746824e-21 
5.500000e-02   2.084101e-21 
6.000000e-02   1.161827e-21 
6.500000e-02   6.682787e-22 
7.000000e-02   4.055920e-22 
7.500000e-02   1.220532e-21 
8.000000e-02   1.054395e-21 
8.500000e-02   8.891877e-22 
9.000000e-02   7.782324e-22 
9.523900e-02   6.446457e-22 
1.006800e-01   4.937508e-22 
1.142900e-01   2.570823e-22 
1.197300e-01   2.024572e-22 
1.224500e-01   1.801870e-22 
1.251700e-01   1.606037e-22 
1.278900e-01   1.433253e-22 
1.306100e-01   1.280387e-22 
1.333300e-01   1.144848e-22 
1.360600e-01   1.024041e-22 
1.469400e-01   6.608511e-23 
1.496600e-01   5.931409e-23 
1.551000e-01   4.785527e-23 
1.578200e-01   4.301686e-23 
1.605500e-01   3.867147e-23 
1.659900e-01   3.884462e-23 
1.714300e-01   3.245277e-23 
1.768700e-01   2.932516e-23 
1.795900e-01   2.698256e-23 
1.823100e-01   2.469568e-23 
1.850400e-01   2.251646e-23 
1.877600e-01   2.050037e-23 
1.904800e-01   1.866131e-23 
1.959200e-01   1.548675e-23 
1.986400e-01   1.411444e-23 
2.040800e-01   1.174360e-23 
2.068000e-01   1.072623e-23 
2.095300e-01   9.803584e-24 
2.122500e-01   8.972299e-24 
2.149700e-01   8.219657e-24 
2.204100e-01   6.918535e-24 
2.258500e-01   5.845173e-24 
2.367400e-01   4.858842e-24 
2.476200e-01   3.578129e-24 
2.585100e-01   2.642280e-24 
2.721100e-01   1.829953e-24 
2.857200e-01   1.285259e-24 
2.993200e-01   9.152935e-25 
3.129300e-01   6.601712e-25 
3.401400e-01   3.563173e-25 
3.537400e-01   2.663205e-25 
3.809500e-01   1.534579e-25 
3.945600e-01   1.181612e-25 
4.081700e-01   9.178196e-26 
4.353800e-01   5.672160e-26 
4.625900e-01   3.604964e-26 
4.761900e-01   2.900808e-26 
4.898000e-01   2.346792e-26 
5.034000e-01   1.908656e-26 
5.170100e-01   1.559490e-26 
5.578300e-01   8.726486e-27 
5.714300e-01   7.246206e-27 
5.850400e-01   6.036620e-27 
6.122500e-01   4.229610e-27 
6.666700e-01   2.146559e-27 
6.802800e-01   1.822901e-27 
7.074900e-01   1.388626e-27 
7.347000e-01   1.041103e-27 
7.619100e-01   7.604962e-28 
7.891200e-01   5.606613e-28 
8.163300e-01   4.167827e-28 
8.435400e-01   3.122059e-28 
8.707500e-01   2.355381e-28 
9.115700e-01   1.562561e-28 
9.523900e-01   1.050886e-28 
9.932000e-01   1.140679e-28 
1.020400e+00   8.710084e-29 
1.061200e+00   7.678968e-29 
1.088400e+00   5.930322e-29 
1.102000e+00   5.222442e-29 
1.115700e+00   4.600914e-29 
1.129300e+00   4.062346e-29 
1.142900e+00   3.591322e-29 
1.156500e+00   3.178811e-29 
1.170100e+00   2.817058e-29 
1.197300e+00   6.453149e-29 
1.210900e+00   5.789300e-29 
1.224500e+00   5.197336e-29 
1.227200e+00   5.087746e-29 
1.229900e+00   4.980652e-29 
1.232700e+00   4.872154e-29 
1.235400e+00   4.769954e-29 
1.238100e+00   4.670050e-29 
1.240800e+00   4.572405e-29 
1.243500e+00   4.476962e-29 
1.246300e+00   4.380239e-29 
1.249000e+00   4.289112e-29 
1.257200e+00   4.024632e-29 
1.259900e+00   3.941436e-29 
1.262600e+00   3.860095e-29 
1.270800e+00   3.623940e-29 
1.281600e+00   3.336324e-29 
1.289800e+00   3.134389e-29 
1.292500e+00   3.070802e-29 
1.295200e+00   3.008599e-29 
1.298000e+00   2.945525e-29 
1.300700e+00   2.886047e-29 
1.303400e+00   2.827854e-29 
1.306100e+00   2.770928e-29 
1.314300e+00   2.605463e-29 
1.330600e+00   2.307235e-29 
1.341500e+00   2.128400e-29 
1.355100e+00   1.925900e-29 
1.360600e+00   1.849980e-29 
1.371400e+00   1.710092e-29 
1.382300e+00   1.580373e-29 
1.390500e+00   1.489769e-29 
1.395900e+00   1.433161e-29 
1.404100e+00   1.351574e-29 
1.406800e+00   1.325816e-29 
1.409500e+00   1.300581e-29 
1.415000e+00   1.250767e-29 
1.417700e+00   1.227062e-29 
1.420400e+00   1.203843e-29 
1.423100e+00   1.181091e-29 
1.425900e+00   1.157984e-29 
1.428600e+00   1.136168e-29 
1.431300e+00   1.114789e-29 
1.436700e+00   1.073318e-29 
1.439500e+00   1.052468e-29 
1.442200e+00   1.032776e-29 
1.444900e+00   1.013479e-29 
1.447600e+00   9.945683e-30 
1.450400e+00   9.753595e-30 
1.453100e+00   9.572091e-30 
1.455800e+00   9.394266e-30 
1.458500e+00   9.219951e-30 
1.461200e+00   9.049136e-30 
1.466700e+00   8.711551e-30 
1.469400e+00   8.550805e-30 
1.472100e+00   8.393251e-30 
1.477600e+00   8.081864e-30 
1.480300e+00   7.933560e-30 
1.488400e+00   7.505898e-30 
1.491200e+00   7.363895e-30 
1.496600e+00   7.098089e-30 
1.551000e+00   4.928024e-30 
1.632700e+00   2.899748e-30 
1.823100e+00   9.064859e-31 
2.340200e+00   5.726594e-32 
2.829900e+00   6.011758e-33 
3.047600e+00   2.384544e-33 
3.700700e+00   1.691512e-34 
