1.300000e-02   1.546049e-18 
1.320000e-02   1.386515e-18 
1.340000e-02   1.244813e-18 
1.430000e-02   1.160686e-18 
1.450000e-02   1.050107e-18 
1.500000e-02   8.237482e-19 
2.000000e-02   1.504046e-19 
2.500000e-02   6.161542e-20 
3.000000e-02   3.963749e-20 
3.500000e-02   2.129017e-20 
4.000000e-02   1.185523e-20 
4.500000e-02   6.715032e-21 
5.000000e-02   3.787347e-21 
5.500000e-02   2.109202e-21 
6.000000e-02   1.177162e-21 
6.500000e-02   6.777862e-22 
7.000000e-02   4.117288e-22 
7.500000e-02   1.239209e-21 
8.000000e-02   1.071442e-21 
8.500000e-02   9.045232e-22 
9.000000e-02   7.926406e-22 
9.523900e-02   6.573336e-22 
1.006800e-01   5.039654e-22 
1.142900e-01   2.630914e-22 
1.197300e-01   2.074307e-22 
1.224500e-01   1.847241e-22 
1.251700e-01   1.647479e-22 
1.278900e-01   1.471143e-22 
1.306100e-01   1.315056e-22 
1.333300e-01   1.176590e-22 
1.360600e-01   1.053106e-22 
1.469400e-01   6.813710e-23 
1.496600e-01   6.119609e-23 
1.551000e-01   4.943916e-23 
1.578200e-01   4.447024e-23 
1.605500e-01   4.000493e-23 
1.659900e-01   4.023237e-23 
1.714300e-01   3.365709e-23 
1.768700e-01   3.045138e-23 
1.795900e-01   2.803808e-23 
1.823100e-01   2.567921e-23 
1.850400e-01   2.342888e-23 
1.877600e-01   2.134503e-23 
1.904800e-01   1.944284e-23 
1.959200e-01   1.615623e-23 
1.986400e-01   1.473400e-23 
2.040800e-01   1.227461e-23 
2.068000e-01   1.121828e-23 
2.095300e-01   1.025980e-23 
2.122500e-01   9.395733e-24 
2.149700e-01   8.612983e-24 
2.204100e-01   7.258715e-24 
2.258500e-01   6.140275e-24 
2.367400e-01   5.116592e-24 
2.476200e-01   3.777767e-24 
2.585100e-01   2.797001e-24 
2.721100e-01   1.943434e-24 
2.857200e-01   1.369429e-24 
2.993200e-01   9.784192e-25 
3.129300e-01   7.080025e-25 
3.401400e-01   3.846188e-25 
3.537400e-01   2.884028e-25 
3.809500e-01   1.672575e-25 
3.945600e-01   1.292029e-25 
4.081700e-01   1.006838e-25 
4.353800e-01   6.262860e-26 
4.625900e-01   4.006641e-26 
4.761900e-01   3.234720e-26 
4.898000e-01   2.625688e-26 
5.034000e-01   2.142660e-26 
5.170100e-01   1.756625e-26 
5.578300e-01   9.931318e-27 
5.714300e-01   8.275385e-27 
5.850400e-01   6.918219e-27 
6.122500e-01   4.881760e-27 
6.666700e-01   2.513566e-27 
6.802800e-01   2.142409e-27 
7.074900e-01   1.646016e-27 
7.347000e-01   1.244045e-27 
7.619100e-01   9.154475e-28 
7.891200e-01   6.799423e-28 
8.163300e-01   5.092702e-28 
8.435400e-01   3.843983e-28 
8.707500e-01   2.922384e-28 
9.115700e-01   1.961424e-28 
9.523900e-01   1.334790e-28 
9.932000e-01   1.474247e-28 
1.020400e+00   1.134807e-28 
1.061200e+00   1.013743e-28 
1.088400e+00   7.893501e-29 
1.102000e+00   6.980018e-29 
1.115700e+00   6.175002e-29 
1.129300e+00   5.474843e-29 
1.142900e+00   4.860220e-29 
1.156500e+00   4.319923e-29 
1.170100e+00   3.844369e-29 
1.197300e+00   8.819386e-29 
1.210900e+00   7.945553e-29 
1.224500e+00   7.163391e-29 
1.227200e+00   7.018270e-29 
1.229900e+00   6.876351e-29 
1.232700e+00   6.732453e-29 
1.235400e+00   6.596798e-29 
1.238100e+00   6.464106e-29 
1.240800e+00   6.334319e-29 
1.243500e+00   6.207345e-29 
1.246300e+00   6.078582e-29 
1.249000e+00   5.957160e-29 
1.257200e+00   5.604233e-29 
1.259900e+00   5.493047e-29 
1.262600e+00   5.384250e-29 
1.270800e+00   5.067928e-29 
1.281600e+00   4.681670e-29 
1.289800e+00   4.409720e-29 
1.292500e+00   4.323972e-29 
1.295200e+00   4.240017e-29 
1.298000e+00   4.154820e-29 
1.300700e+00   4.074404e-29 
1.303400e+00   3.995674e-29 
1.306100e+00   3.918611e-29 
1.314300e+00   3.694217e-29 
1.330600e+00   3.288452e-29 
1.341500e+00   3.044187e-29 
1.355100e+00   2.766621e-29 
1.360600e+00   2.662267e-29 
1.371400e+00   2.469542e-29 
1.382300e+00   2.290274e-29 
1.390500e+00   2.164711e-29 
1.395900e+00   2.086098e-29 
1.404100e+00   1.972595e-29 
1.406800e+00   1.936704e-29 
1.409500e+00   1.901513e-29 
1.415000e+00   1.831959e-29 
1.417700e+00   1.798831e-29 
1.420400e+00   1.766345e-29 
1.423100e+00   1.734492e-29 
1.425900e+00   1.702124e-29 
1.428600e+00   1.671528e-29 
1.431300e+00   1.641525e-29 
1.436700e+00   1.583258e-29 
1.439500e+00   1.553931e-29 
1.442200e+00   1.526210e-29 
1.444900e+00   1.499023e-29 
1.447600e+00   1.472361e-29 
1.450400e+00   1.445251e-29 
1.453100e+00   1.419619e-29 
1.455800e+00   1.394482e-29 
1.458500e+00   1.369829e-29 
1.461200e+00   1.345645e-29 
1.466700e+00   1.297800e-29 
1.469400e+00   1.274991e-29 
1.472100e+00   1.252612e-29 
1.477600e+00   1.208339e-29 
1.480300e+00   1.187225e-29 
1.488400e+00   1.126251e-29 
1.491200e+00   1.105970e-29 
1.496600e+00   1.067964e-29 
1.551000e+00   7.550841e-30 
1.632700e+00   4.568216e-30 
1.823100e+00   1.526803e-30 
2.340200e+00   1.175995e-31 
2.829900e+00   1.529746e-32 
3.047600e+00   6.682456e-33 
3.700700e+00   6.943462e-34 
