1.300000e-02   1.451559e-18 
1.320000e-02   1.299931e-18 
1.340000e-02   1.166229e-18 
1.430000e-02   1.082467e-18 
1.450000e-02   9.783909e-19 
1.500000e-02   7.657110e-19 
2.000000e-02   1.373809e-19 
2.500000e-02   5.504548e-20 
3.000000e-02   3.456849e-20 
3.500000e-02   1.810489e-20 
4.000000e-02   9.822936e-21 
4.500000e-02   5.414299e-21 
5.000000e-02   2.968454e-21 
5.500000e-02   1.606742e-21 
6.000000e-02   8.726355e-22 
6.500000e-02   4.901055e-22 
7.000000e-02   2.911275e-22 
7.500000e-02   8.678190e-22 
8.000000e-02   7.343209e-22 
8.500000e-02   6.041550e-22 
9.000000e-02   5.140729e-22 
9.523900e-02   4.146085e-22 
1.006800e-01   3.100283e-22 
1.142900e-01   1.514768e-22 
1.197300e-01   1.160150e-22 
1.224500e-01   1.017859e-22 
1.251700e-01   8.941403e-23 
1.278900e-01   7.862669e-23 
1.306100e-01   6.919979e-23 
1.333300e-01   6.094722e-23 
1.360600e-01   5.368748e-23 
1.469400e-01   3.254976e-23 
1.496600e-01   2.875331e-23 
1.551000e-01   2.246373e-23 
1.578200e-01   1.986693e-23 
1.605500e-01   1.756915e-23 
1.659900e-01   1.706247e-23 
1.714300e-01   1.378574e-23 
1.768700e-01   1.204601e-23 
1.795900e-01   1.089284e-23 
1.823100e-01   9.798717e-24 
1.850400e-01   8.782105e-24 
1.877600e-01   7.861595e-24 
1.904800e-01   7.036489e-24 
1.959200e-01   5.645241e-24 
1.986400e-01   5.059117e-24 
2.040800e-01   4.070383e-24 
2.068000e-01   3.655783e-24 
2.095300e-01   3.285290e-24 
2.122500e-01   2.956345e-24 
2.149700e-01   2.662863e-24 
2.204100e-01   2.166397e-24 
2.258500e-01   1.768778e-24 
2.367400e-01   1.375634e-24 
2.476200e-01   9.426179e-25 
2.585100e-01   6.467561e-25 
2.721100e-01   4.079642e-25 
2.857200e-01   2.604846e-25 
2.993200e-01   1.683630e-25 
3.129300e-01   1.100258e-25 
3.401400e-01   4.851711e-26 
3.537400e-01   3.269660e-26 
3.809500e-01   1.523125e-26 
3.945600e-01   1.051192e-26 
4.081700e-01   7.301552e-27 
4.353800e-01   3.579943e-27 
4.625900e-01   1.782784e-27 
4.761900e-01   1.263071e-27 
4.898000e-01   8.959847e-28 
5.034000e-01   6.362364e-28 
5.170100e-01   4.516876e-28 
5.578300e-01   1.604741e-28 
5.714300e-01   1.131041e-28 
5.850400e-01   7.938519e-29 
6.122500e-01   3.850919e-29 
6.666700e-01   8.216640e-30 
6.802800e-01   5.415017e-30 
7.074900e-01   2.271788e-30 
7.347000e-01   8.453688e-31 
7.619100e-01   2.591738e-31 
7.891200e-01   5.632952e-32 
8.163300e-01   4.776981e-33 
8.435400e-01   0.000000e+00 
8.707500e-01   0.000000e+00 
9.115700e-01   0.000000e+00 
9.523900e-01   0.000000e+00 
9.932000e-01   0.000000e+00 
1.020400e+00   0.000000e+00 
1.061200e+00   0.000000e+00 
1.088400e+00   0.000000e+00 
1.102000e+00   0.000000e+00 
1.115700e+00   0.000000e+00 
1.129300e+00   0.000000e+00 
1.142900e+00   0.000000e+00 
1.156500e+00   0.000000e+00 
1.170100e+00   0.000000e+00 
1.197300e+00   0.000000e+00 
1.210900e+00   0.000000e+00 
1.224500e+00   0.000000e+00 
1.227200e+00   0.000000e+00 
1.229900e+00   0.000000e+00 
1.232700e+00   0.000000e+00 
1.235400e+00   0.000000e+00 
1.238100e+00   0.000000e+00 
1.240800e+00   0.000000e+00 
1.243500e+00   0.000000e+00 
1.246300e+00   0.000000e+00 
1.249000e+00   0.000000e+00 
1.257200e+00   0.000000e+00 
1.259900e+00   0.000000e+00 
1.262600e+00   0.000000e+00 
1.270800e+00   0.000000e+00 
1.281600e+00   0.000000e+00 
1.289800e+00   0.000000e+00 
1.292500e+00   0.000000e+00 
1.295200e+00   0.000000e+00 
1.298000e+00   0.000000e+00 
1.300700e+00   0.000000e+00 
1.303400e+00   0.000000e+00 
1.306100e+00   0.000000e+00 
1.314300e+00   0.000000e+00 
1.330600e+00   0.000000e+00 
1.341500e+00   0.000000e+00 
1.355100e+00   0.000000e+00 
1.360600e+00   0.000000e+00 
1.371400e+00   0.000000e+00 
1.382300e+00   0.000000e+00 
1.390500e+00   0.000000e+00 
1.395900e+00   0.000000e+00 
1.404100e+00   0.000000e+00 
1.406800e+00   0.000000e+00 
1.409500e+00   0.000000e+00 
1.415000e+00   0.000000e+00 
1.417700e+00   0.000000e+00 
1.420400e+00   0.000000e+00 
1.423100e+00   0.000000e+00 
1.425900e+00   0.000000e+00 
1.428600e+00   0.000000e+00 
1.431300e+00   0.000000e+00 
1.436700e+00   0.000000e+00 
1.439500e+00   0.000000e+00 
1.442200e+00   0.000000e+00 
1.444900e+00   0.000000e+00 
1.447600e+00   0.000000e+00 
1.450400e+00   0.000000e+00 
1.453100e+00   0.000000e+00 
1.455800e+00   0.000000e+00 
1.458500e+00   0.000000e+00 
1.461200e+00   0.000000e+00 
1.466700e+00   0.000000e+00 
1.469400e+00   0.000000e+00 
1.472100e+00   0.000000e+00 
1.477600e+00   0.000000e+00 
1.480300e+00   0.000000e+00 
1.488400e+00   0.000000e+00 
1.491200e+00   0.000000e+00 
1.496600e+00   0.000000e+00 
1.551000e+00   0.000000e+00 
1.632700e+00   0.000000e+00 
1.823100e+00   0.000000e+00 
2.340200e+00   0.000000e+00 
2.829900e+00   0.000000e+00 
3.047600e+00   0.000000e+00 
3.700700e+00   0.000000e+00 
