1.300000e-02   1.517304e-18 
1.320000e-02   1.360291e-18 
1.340000e-02   1.220871e-18 
1.430000e-02   1.136777e-18 
1.450000e-02   1.028166e-18 
1.500000e-02   8.059557e-19 
2.000000e-02   1.463990e-19 
2.500000e-02   5.961509e-20 
3.000000e-02   3.808434e-20 
3.500000e-02   2.030397e-20 
4.000000e-02   1.121972e-20 
4.500000e-02   6.304685e-21 
5.000000e-02   3.526901e-21 
5.500000e-02   1.948284e-21 
6.000000e-02   1.079040e-21 
6.500000e-02   6.169655e-22 
7.000000e-02   3.724375e-22 
7.500000e-02   1.119476e-21 
8.000000e-02   9.623298e-22 
8.500000e-02   8.066234e-22 
9.000000e-02   7.009870e-22 
9.523900e-02   5.768133e-22 
1.006800e-01   4.392227e-22 
1.142900e-01   2.251897e-22 
1.197300e-01   1.761437e-22 
1.224500e-01   1.562229e-22 
1.251700e-01   1.387527e-22 
1.278900e-01   1.233824e-22 
1.306100e-01   1.098243e-22 
1.333300e-01   9.783981e-23 
1.360600e-01   8.719180e-23 
1.469400e-01   5.542746e-23 
1.496600e-01   4.955862e-23 
1.551000e-01   3.967748e-23 
1.578200e-01   3.552769e-23 
1.605500e-01   3.181408e-23 
1.659900e-01   3.172466e-23 
1.714300e-01   2.629711e-23 
1.768700e-01   2.358630e-23 
1.795900e-01   2.161458e-23 
1.823100e-01   1.970369e-23 
1.850400e-01   1.789430e-23 
1.877600e-01   1.622919e-23 
1.904800e-01   1.471661e-23 
1.959200e-01   1.211983e-23 
1.986400e-01   1.100405e-23 
2.040800e-01   9.087088e-24 
2.068000e-01   8.268750e-24 
2.095300e-01   7.529086e-24 
2.122500e-01   6.864847e-24 
2.149700e-01   6.265416e-24 
2.204100e-01   5.234140e-24 
2.258500e-01   4.388946e-24 
2.367400e-01   3.595410e-24 
2.476200e-01   2.606435e-24 
2.585100e-01   1.894504e-24 
2.721100e-01   1.286266e-24 
2.857200e-01   8.855342e-25 
2.993200e-01   6.181173e-25 
3.129300e-01   4.369462e-25 
3.401400e-01   2.265013e-25 
3.537400e-01   1.658972e-25 
3.809500e-01   9.177451e-26 
3.945600e-01   6.922913e-26 
4.081700e-01   5.267426e-26 
4.353800e-01   3.122092e-26 
4.625900e-01   1.901658e-26 
4.761900e-01   1.497545e-26 
4.898000e-01   1.185381e-26 
5.034000e-01   9.430531e-27 
5.170100e-01   7.535330e-27 
5.578300e-01   3.937684e-27 
5.714300e-01   3.194391e-27 
5.850400e-01   2.599131e-27 
6.122500e-01   1.735892e-27 
6.666700e-01   7.980267e-28 
6.802800e-01   6.607296e-28 
7.074900e-01   4.752365e-28 
7.347000e-01   3.370670e-28 
7.619100e-01   2.336109e-28 
7.891200e-01   1.632196e-28 
8.163300e-01   1.148617e-28 
8.435400e-01   8.136223e-29 
8.707500e-01   5.797990e-29 
9.115700e-01   3.523611e-29 
9.523900e-01   2.165307e-29 
9.932000e-01   2.077869e-29 
1.020400e+00   1.488564e-29 
1.061200e+00   1.182766e-29 
1.088400e+00   8.540542e-30 
1.102000e+00   7.268989e-30 
1.115700e+00   6.185539e-30 
1.129300e+00   5.274779e-30 
1.142900e+00   4.502234e-30 
1.156500e+00   3.846170e-30 
1.170100e+00   3.288504e-30 
1.197300e+00   7.297940e-30 
1.210900e+00   6.310981e-30 
1.224500e+00   5.458780e-30 
1.227200e+00   5.304082e-30 
1.229900e+00   5.153902e-30 
1.232700e+00   5.002682e-30 
1.235400e+00   4.861190e-30 
1.238100e+00   4.723858e-30 
1.240800e+00   4.590388e-30 
1.243500e+00   4.460840e-30 
1.246300e+00   4.330431e-30 
1.249000e+00   4.208389e-30 
1.257200e+00   3.858736e-30 
1.259900e+00   3.750235e-30 
1.262600e+00   3.644834e-30 
1.270800e+00   3.342820e-30 
1.281600e+00   2.983540e-30 
1.289800e+00   2.737248e-30 
1.292500e+00   2.660722e-30 
1.295200e+00   2.586388e-30 
1.298000e+00   2.511553e-30 
1.300700e+00   2.441461e-30 
1.303400e+00   2.373344e-30 
1.306100e+00   2.307178e-30 
1.314300e+00   2.117446e-30 
1.330600e+00   1.785997e-30 
1.341500e+00   1.594140e-30 
1.355100e+00   1.383729e-30 
1.360600e+00   1.306815e-30 
1.371400e+00   1.168153e-30 
1.382300e+00   1.043253e-30 
1.390500e+00   9.582564e-31 
1.395900e+00   9.061025e-31 
1.404100e+00   8.323601e-31 
1.406800e+00   8.094251e-31 
1.409500e+00   7.871282e-31 
1.415000e+00   7.435984e-31 
1.417700e+00   7.231244e-31 
1.420400e+00   7.032132e-31 
1.423100e+00   6.838587e-31 
1.425900e+00   6.643397e-31 
1.428600e+00   6.460521e-31 
1.431300e+00   6.282744e-31 
1.436700e+00   5.941779e-31 
1.439500e+00   5.772360e-31 
1.442200e+00   5.613668e-31 
1.444900e+00   5.459315e-31 
1.447600e+00   5.309201e-31 
1.450400e+00   5.157987e-31 
1.453100e+00   5.016129e-31 
1.455800e+00   4.878253e-31 
1.458500e+00   4.744083e-31 
1.461200e+00   4.613662e-31 
1.466700e+00   4.358956e-31 
1.469400e+00   4.239045e-31 
1.472100e+00   4.122560e-31 
1.477600e+00   3.894931e-31 
1.480300e+00   3.787884e-31 
1.488400e+00   3.483837e-31 
1.491200e+00   3.384626e-31 
1.496600e+00   3.201079e-31 
1.551000e+00   1.823753e-31 
1.632700e+00   7.784810e-32 
1.823100e+00   9.891384e-33 
2.340200e+00   4.752090e-39 
2.829900e+00   0.000000e+00 
3.047600e+00   0.000000e+00 
3.700700e+00   0.000000e+00 
