1.300000e-02   1.502469e-18 
1.320000e-02   1.346758e-18 
1.340000e-02   1.208519e-18 
1.430000e-02   1.124447e-18 
1.450000e-02   1.016854e-18 
1.500000e-02   7.967855e-19 
2.000000e-02   1.443362e-19 
2.500000e-02   5.858825e-20 
3.000000e-02   3.730632e-20 
3.500000e-02   1.981673e-20 
4.000000e-02   1.090809e-20 
4.500000e-02   6.104048e-21 
5.000000e-02   3.399786e-21 
5.500000e-02   1.869695e-21 
6.000000e-02   1.031022e-21 
6.500000e-02   5.871647e-22 
7.000000e-02   3.531763e-22 
7.500000e-02   1.059852e-21 
8.000000e-02   9.081969e-22 
8.500000e-02   7.583314e-22 
9.000000e-02   6.561197e-22 
9.523900e-02   5.376420e-22 
1.006800e-01   4.078631e-22 
1.142900e-01   2.070385e-22 
1.197300e-01   1.612393e-22 
1.224500e-01   1.426830e-22 
1.251700e-01   1.264379e-22 
1.278900e-01   1.121719e-22 
1.306100e-01   9.961193e-23 
1.333300e-01   8.853188e-23 
1.360600e-01   7.870764e-23 
1.469400e-01   4.954756e-23 
1.496600e-01   4.419121e-23 
1.551000e-01   3.520302e-23 
1.578200e-01   3.144143e-23 
1.605500e-01   2.808303e-23 
1.659900e-01   2.786231e-23 
1.714300e-01   2.297643e-23 
1.768700e-01   2.050321e-23 
1.795900e-01   1.873900e-23 
1.823100e-01   1.703693e-23 
1.850400e-01   1.543175e-23 
1.877600e-01   1.395957e-23 
1.904800e-01   1.262588e-23 
1.959200e-01   1.034446e-23 
1.986400e-01   9.368113e-24 
2.040800e-01   7.696788e-24 
2.068000e-01   6.985857e-24 
2.095300e-01   6.344677e-24 
2.122500e-01   5.770171e-24 
2.149700e-01   5.252862e-24 
2.204100e-01   4.365794e-24 
2.258500e-01   3.642024e-24 
2.367400e-01   2.953809e-24 
2.476200e-01   2.118389e-24 
2.585100e-01   1.523043e-24 
2.721100e-01   1.019887e-24 
2.857200e-01   6.923934e-25 
2.993200e-01   4.765193e-25 
3.129300e-01   3.320749e-25 
3.401400e-01   1.672278e-25 
3.537400e-01   1.207005e-25 
3.809500e-01   6.481387e-26 
3.945600e-01   4.815786e-26 
4.081700e-01   3.608551e-26 
4.353800e-01   2.073190e-26 
4.625900e-01   1.222909e-26 
4.761900e-01   9.473625e-27 
4.898000e-01   7.374766e-27 
5.034000e-01   5.768537e-27 
5.170100e-01   4.530471e-27 
5.578300e-01   2.244010e-27 
5.714300e-01   1.787104e-27 
5.850400e-01   1.426983e-27 
6.122500e-01   9.169480e-28 
6.666700e-01   3.885755e-28 
6.802800e-01   3.149461e-28 
7.074900e-01   2.160519e-28 
7.347000e-01   1.461661e-28 
7.619100e-01   9.669847e-29 
7.891200e-01   6.437139e-29 
8.163300e-01   4.307705e-29 
8.435400e-01   2.895679e-29 
8.707500e-01   1.953957e-29 
9.115700e-01   1.089293e-29 
9.523900e-01   6.104902e-30 
9.932000e-01   5.182878e-30 
1.020400e+00   3.460081e-30 
1.061200e+00   2.443640e-30 
1.088400e+00   1.628120e-30 
1.102000e+00   1.328854e-30 
1.115700e+00   1.082695e-30 
1.129300e+00   8.831864e-31 
1.142900e+00   7.201600e-31 
1.156500e+00   5.869167e-31 
1.170100e+00   4.780195e-31 
1.197300e+00   9.939550e-31 
1.210900e+00   8.150666e-31 
1.224500e+00   6.672562e-31 
1.227200e+00   6.411618e-31 
1.229900e+00   6.160495e-31 
1.232700e+00   5.910071e-31 
1.235400e+00   5.677649e-31 
1.238100e+00   5.454177e-31 
1.240800e+00   5.239111e-31 
1.243500e+00   5.032308e-31 
1.246300e+00   4.825739e-31 
1.249000e+00   4.634366e-31 
1.257200e+00   4.097358e-31 
1.259900e+00   3.933863e-31 
1.262600e+00   3.776601e-31 
1.270800e+00   3.334403e-31 
1.281600e+00   2.826835e-31 
1.289800e+00   2.491472e-31 
1.292500e+00   2.389469e-31 
1.295200e+00   2.291457e-31 
1.298000e+00   2.193858e-31 
1.300700e+00   2.103309e-31 
1.303400e+00   2.016450e-31 
1.306100e+00   1.932877e-31 
1.314300e+00   1.698460e-31 
1.330600e+00   1.309669e-31 
1.341500e+00   1.097645e-31 
1.355100e+00   8.778212e-32 
1.360600e+00   8.012009e-32 
1.371400e+00   6.679841e-32 
1.382300e+00   5.544975e-32 
1.390500e+00   4.811421e-32 
1.395900e+00   4.377100e-32 
1.404100e+00   3.784960e-32 
1.406800e+00   3.606571e-32 
1.409500e+00   3.435115e-32 
1.415000e+00   3.109317e-32 
1.417700e+00   2.960406e-32 
1.420400e+00   2.817532e-32 
1.423100e+00   2.680924e-32 
1.425900e+00   2.545103e-32 
1.428600e+00   2.420256e-32 
1.431300e+00   2.300664e-32 
1.436700e+00   2.076970e-32 
1.439500e+00   1.968909e-32 
1.442200e+00   1.869345e-32 
1.444900e+00   1.774380e-32 
1.447600e+00   1.683703e-32 
1.450400e+00   1.594271e-32 
1.453100e+00   1.512096e-32 
1.455800e+00   1.433158e-32 
1.458500e+00   1.357991e-32 
1.461200e+00   1.286056e-32 
1.466700e+00   1.149901e-32 
1.469400e+00   1.087801e-32 
1.472100e+00   1.028722e-32 
1.477600e+00   9.168949e-33 
1.480300e+00   8.660652e-33 
1.488400e+00   7.276752e-33 
1.491200e+00   6.842709e-33 
1.496600e+00   6.070363e-33 
1.551000e+00   1.552971e-33 
1.632700e+00   5.405684e-35 
1.823100e+00   0.000000e+00 
2.340200e+00   0.000000e+00 
2.829900e+00   0.000000e+00 
3.047600e+00   0.000000e+00 
3.700700e+00   0.000000e+00 
