1.300000e-02   1.425456e-18 
1.320000e-02   1.276525e-18 
1.340000e-02   1.144435e-18 
1.430000e-02   1.060586e-18 
1.450000e-02   9.582922e-19 
1.500000e-02   7.493785e-19 
2.000000e-02   1.338037e-19 
2.500000e-02   5.335518e-20 
3.000000e-02   3.327724e-20 
3.500000e-02   1.729973e-20 
4.000000e-02   9.314536e-21 
4.500000e-02   5.093296e-21 
5.000000e-02   2.769324e-21 
5.500000e-02   1.486345e-21 
6.000000e-02   8.006695e-22 
6.500000e-02   4.462921e-22 
7.000000e-02   2.632728e-22 
7.500000e-02   7.809748e-22 
8.000000e-02   6.562252e-22 
8.500000e-02   5.356241e-22 
9.000000e-02   4.517475e-22 
9.523900e-02   3.612177e-22 
1.006800e-01   2.679400e-22 
1.142900e-01   1.281563e-22 
1.197300e-01   9.725129e-23 
1.224500e-01   8.491921e-23 
1.251700e-01   7.423804e-23 
1.278900e-01   6.496241e-23 
1.306100e-01   5.689028e-23 
1.333300e-01   4.985385e-23 
1.360600e-01   4.369117e-23 
1.469400e-01   2.593820e-23 
1.496600e-01   2.278948e-23 
1.551000e-01   1.761023e-23 
1.578200e-01   1.548800e-23 
1.605500e-01   1.361960e-23 
1.659900e-01   1.305658e-23 
1.714300e-01   1.042552e-23 
1.768700e-01   8.996158e-24 
1.795900e-01   8.084704e-24 
1.823100e-01   7.227619e-24 
1.850400e-01   6.437654e-24 
1.877600e-01   5.727421e-24 
1.904800e-01   5.094666e-24 
1.959200e-01   4.036649e-24 
1.986400e-01   3.594969e-24 
2.040800e-01   2.856231e-24 
2.068000e-01   2.549101e-24 
2.095300e-01   2.276148e-24 
2.122500e-01   2.035150e-24 
2.149700e-01   1.821322e-24 
2.204100e-01   1.462565e-24 
2.258500e-01   1.178473e-24 
2.367400e-01   8.932716e-25 
2.476200e-01   5.949106e-25 
2.585100e-01   3.962779e-25 
2.721100e-01   2.405445e-25 
2.857200e-01   1.475501e-25 
2.993200e-01   9.146564e-26 
3.129300e-01   5.722384e-26 
3.401400e-01   2.299630e-26 
3.537400e-01   1.474756e-26 
3.809500e-01   6.173807e-27 
3.945600e-01   4.020895e-27 
4.081700e-01   2.626082e-27 
4.353800e-01   1.123513e-27 
4.625900e-01   4.772735e-28 
4.761900e-01   3.088990e-28 
4.898000e-01   1.983431e-28 
5.034000e-01   1.261272e-28 
5.170100e-01   7.913933e-29 
5.578300e-01   1.736456e-29 
5.714300e-01   9.867516e-30 
5.850400e-01   5.351013e-30 
6.122500e-01   1.265602e-30 
6.666700e-01   4.428382e-34 
6.802800e-01   0.000000e+00 
7.074900e-01   0.000000e+00 
7.347000e-01   0.000000e+00 
7.619100e-01   0.000000e+00 
7.891200e-01   0.000000e+00 
8.163300e-01   0.000000e+00 
8.435400e-01   0.000000e+00 
8.707500e-01   0.000000e+00 
9.115700e-01   0.000000e+00 
9.523900e-01   0.000000e+00 
9.932000e-01   0.000000e+00 
1.020400e+00   0.000000e+00 
1.061200e+00   0.000000e+00 
1.088400e+00   0.000000e+00 
1.102000e+00   0.000000e+00 
1.115700e+00   0.000000e+00 
1.129300e+00   0.000000e+00 
1.142900e+00   0.000000e+00 
1.156500e+00   0.000000e+00 
1.170100e+00   0.000000e+00 
1.197300e+00   0.000000e+00 
1.210900e+00   0.000000e+00 
1.224500e+00   0.000000e+00 
1.227200e+00   0.000000e+00 
1.229900e+00   0.000000e+00 
1.232700e+00   0.000000e+00 
1.235400e+00   0.000000e+00 
1.238100e+00   0.000000e+00 
1.240800e+00   0.000000e+00 
1.243500e+00   0.000000e+00 
1.246300e+00   0.000000e+00 
1.249000e+00   0.000000e+00 
1.257200e+00   0.000000e+00 
1.259900e+00   0.000000e+00 
1.262600e+00   0.000000e+00 
1.270800e+00   0.000000e+00 
1.281600e+00   0.000000e+00 
1.289800e+00   0.000000e+00 
1.292500e+00   0.000000e+00 
1.295200e+00   0.000000e+00 
1.298000e+00   0.000000e+00 
1.300700e+00   0.000000e+00 
1.303400e+00   0.000000e+00 
1.306100e+00   0.000000e+00 
1.314300e+00   0.000000e+00 
1.330600e+00   0.000000e+00 
1.341500e+00   0.000000e+00 
1.355100e+00   0.000000e+00 
1.360600e+00   0.000000e+00 
1.371400e+00   0.000000e+00 
1.382300e+00   0.000000e+00 
1.390500e+00   0.000000e+00 
1.395900e+00   0.000000e+00 
1.404100e+00   0.000000e+00 
1.406800e+00   0.000000e+00 
1.409500e+00   0.000000e+00 
1.415000e+00   0.000000e+00 
1.417700e+00   0.000000e+00 
1.420400e+00   0.000000e+00 
1.423100e+00   0.000000e+00 
1.425900e+00   0.000000e+00 
1.428600e+00   0.000000e+00 
1.431300e+00   0.000000e+00 
1.436700e+00   0.000000e+00 
1.439500e+00   0.000000e+00 
1.442200e+00   0.000000e+00 
1.444900e+00   0.000000e+00 
1.447600e+00   0.000000e+00 
1.450400e+00   0.000000e+00 
1.453100e+00   0.000000e+00 
1.455800e+00   0.000000e+00 
1.458500e+00   0.000000e+00 
1.461200e+00   0.000000e+00 
1.466700e+00   0.000000e+00 
1.469400e+00   0.000000e+00 
1.472100e+00   0.000000e+00 
1.477600e+00   0.000000e+00 
1.480300e+00   0.000000e+00 
1.488400e+00   0.000000e+00 
1.491200e+00   0.000000e+00 
1.496600e+00   0.000000e+00 
1.551000e+00   0.000000e+00 
1.632700e+00   0.000000e+00 
1.823100e+00   0.000000e+00 
2.340200e+00   0.000000e+00 
2.829900e+00   0.000000e+00 
3.047600e+00   0.000000e+00 
3.700700e+00   0.000000e+00 
