1.300000e-02   8.410597e-19 
1.320000e-02   7.453918e-19 
1.340000e-02   6.613361e-19 
1.430000e-02   5.853848e-19 
1.450000e-02   5.235448e-19 
1.500000e-02   3.992494e-19 
2.000000e-02   5.838418e-20 
2.500000e-02   1.889630e-20 
3.000000e-02   9.251932e-21 
3.500000e-02   3.672296e-21 
4.000000e-02   1.468727e-21 
4.500000e-02   5.741231e-22 
5.000000e-02   2.131106e-22 
5.500000e-02   7.464042e-23 
6.000000e-02   2.552009e-23 
6.500000e-02   9.046303e-24 
7.000000e-02   3.442230e-24 
7.500000e-02   5.709074e-24 
8.000000e-02   2.615157e-24 
8.500000e-02   9.930455e-25 
9.000000e-02   2.952920e-25 
9.523900e-02   4.125196e-26 
1.006800e-01   0.000000e+00 
1.142900e-01   0.000000e+00 
1.197300e-01   0.000000e+00 
1.224500e-01   0.000000e+00 
1.251700e-01   0.000000e+00 
1.278900e-01   0.000000e+00 
1.306100e-01   0.000000e+00 
1.333300e-01   0.000000e+00 
1.360600e-01   0.000000e+00 
1.469400e-01   0.000000e+00 
1.496600e-01   0.000000e+00 
1.551000e-01   0.000000e+00 
1.578200e-01   0.000000e+00 
1.605500e-01   0.000000e+00 
1.659900e-01   0.000000e+00 
1.714300e-01   0.000000e+00 
1.768700e-01   0.000000e+00 
1.795900e-01   0.000000e+00 
1.823100e-01   0.000000e+00 
1.850400e-01   0.000000e+00 
1.877600e-01   0.000000e+00 
1.904800e-01   0.000000e+00 
1.959200e-01   0.000000e+00 
1.986400e-01   0.000000e+00 
2.040800e-01   0.000000e+00 
2.068000e-01   0.000000e+00 
2.095300e-01   0.000000e+00 
2.122500e-01   0.000000e+00 
2.149700e-01   0.000000e+00 
2.204100e-01   0.000000e+00 
2.258500e-01   0.000000e+00 
2.367400e-01   0.000000e+00 
2.476200e-01   0.000000e+00 
2.585100e-01   0.000000e+00 
2.721100e-01   0.000000e+00 
2.857200e-01   0.000000e+00 
2.993200e-01   0.000000e+00 
3.129300e-01   0.000000e+00 
3.401400e-01   0.000000e+00 
3.537400e-01   0.000000e+00 
3.809500e-01   0.000000e+00 
3.945600e-01   0.000000e+00 
4.081700e-01   0.000000e+00 
4.353800e-01   0.000000e+00 
4.625900e-01   0.000000e+00 
4.761900e-01   0.000000e+00 
4.898000e-01   0.000000e+00 
5.034000e-01   0.000000e+00 
5.170100e-01   0.000000e+00 
5.578300e-01   0.000000e+00 
5.714300e-01   0.000000e+00 
5.850400e-01   0.000000e+00 
6.122500e-01   0.000000e+00 
6.666700e-01   0.000000e+00 
6.802800e-01   0.000000e+00 
7.074900e-01   0.000000e+00 
7.347000e-01   0.000000e+00 
7.619100e-01   0.000000e+00 
7.891200e-01   0.000000e+00 
8.163300e-01   0.000000e+00 
8.435400e-01   0.000000e+00 
8.707500e-01   0.000000e+00 
9.115700e-01   0.000000e+00 
9.523900e-01   0.000000e+00 
9.932000e-01   0.000000e+00 
1.020400e+00   0.000000e+00 
1.061200e+00   0.000000e+00 
1.088400e+00   0.000000e+00 
1.102000e+00   0.000000e+00 
1.115700e+00   0.000000e+00 
1.129300e+00   0.000000e+00 
1.142900e+00   0.000000e+00 
1.156500e+00   0.000000e+00 
1.170100e+00   0.000000e+00 
1.197300e+00   0.000000e+00 
1.210900e+00   0.000000e+00 
1.224500e+00   0.000000e+00 
1.227200e+00   0.000000e+00 
1.229900e+00   0.000000e+00 
1.232700e+00   0.000000e+00 
1.235400e+00   0.000000e+00 
1.238100e+00   0.000000e+00 
1.240800e+00   0.000000e+00 
1.243500e+00   0.000000e+00 
1.246300e+00   0.000000e+00 
1.249000e+00   0.000000e+00 
1.257200e+00   0.000000e+00 
1.259900e+00   0.000000e+00 
1.262600e+00   0.000000e+00 
1.270800e+00   0.000000e+00 
1.281600e+00   0.000000e+00 
1.289800e+00   0.000000e+00 
1.292500e+00   0.000000e+00 
1.295200e+00   0.000000e+00 
1.298000e+00   0.000000e+00 
1.300700e+00   0.000000e+00 
1.303400e+00   0.000000e+00 
1.306100e+00   0.000000e+00 
1.314300e+00   0.000000e+00 
1.330600e+00   0.000000e+00 
1.341500e+00   0.000000e+00 
1.355100e+00   0.000000e+00 
1.360600e+00   0.000000e+00 
1.371400e+00   0.000000e+00 
1.382300e+00   0.000000e+00 
1.390500e+00   0.000000e+00 
1.395900e+00   0.000000e+00 
1.404100e+00   0.000000e+00 
1.406800e+00   0.000000e+00 
1.409500e+00   0.000000e+00 
1.415000e+00   0.000000e+00 
1.417700e+00   0.000000e+00 
1.420400e+00   0.000000e+00 
1.423100e+00   0.000000e+00 
1.425900e+00   0.000000e+00 
1.428600e+00   0.000000e+00 
1.431300e+00   0.000000e+00 
1.436700e+00   0.000000e+00 
1.439500e+00   0.000000e+00 
1.442200e+00   0.000000e+00 
1.444900e+00   0.000000e+00 
1.447600e+00   0.000000e+00 
1.450400e+00   0.000000e+00 
1.453100e+00   0.000000e+00 
1.455800e+00   0.000000e+00 
1.458500e+00   0.000000e+00 
1.461200e+00   0.000000e+00 
1.466700e+00   0.000000e+00 
1.469400e+00   0.000000e+00 
1.472100e+00   0.000000e+00 
1.477600e+00   0.000000e+00 
1.480300e+00   0.000000e+00 
1.488400e+00   0.000000e+00 
1.491200e+00   0.000000e+00 
1.496600e+00   0.000000e+00 
1.551000e+00   0.000000e+00 
1.632700e+00   0.000000e+00 
1.823100e+00   0.000000e+00 
2.340200e+00   0.000000e+00 
2.829900e+00   0.000000e+00 
3.047600e+00   0.000000e+00 
3.700700e+00   0.000000e+00 
