1.300000e-02   1.544289e-18 
1.320000e-02   1.384908e-18 
1.340000e-02   1.243348e-18 
1.430000e-02   1.159219e-18 
1.450000e-02   1.048761e-18 
1.500000e-02   8.226586e-19 
2.000000e-02   1.501589e-19 
2.500000e-02   6.149245e-20 
3.000000e-02   3.954174e-20 
3.500000e-02   2.122919e-20 
4.000000e-02   1.181582e-20 
4.500000e-02   6.689506e-21 
5.000000e-02   3.771096e-21 
5.500000e-02   2.099134e-21 
6.000000e-02   1.171009e-21 
6.500000e-02   6.739695e-22 
7.000000e-02   4.092662e-22 
7.500000e-02   1.231719e-21 
8.000000e-02   1.064604e-21 
8.500000e-02   8.983701e-22 
9.000000e-02   7.868568e-22 
9.523900e-02   6.522392e-22 
1.006800e-01   4.998633e-22 
1.142900e-01   2.606769e-22 
1.197300e-01   2.054316e-22 
1.224500e-01   1.829001e-22 
1.251700e-01   1.630816e-22 
1.278900e-01   1.455906e-22 
1.306100e-01   1.301112e-22 
1.333300e-01   1.163821e-22 
1.360600e-01   1.041412e-22 
1.469400e-01   6.731093e-23 
1.496600e-01   6.043826e-23 
1.551000e-01   4.880114e-23 
1.578200e-01   4.388471e-23 
1.605500e-01   3.946758e-23 
1.659900e-01   3.967307e-23 
1.714300e-01   3.317153e-23 
1.768700e-01   2.999722e-23 
1.795900e-01   2.761237e-23 
1.823100e-01   2.528247e-23 
1.850400e-01   2.306074e-23 
1.877600e-01   2.100419e-23 
1.904800e-01   1.912742e-23 
1.959200e-01   1.588595e-23 
1.986400e-01   1.448383e-23 
2.040800e-01   1.206014e-23 
2.068000e-01   1.101952e-23 
2.095300e-01   1.007548e-23 
2.122500e-01   9.224625e-24 
2.149700e-01   8.454020e-24 
2.204100e-01   7.121189e-24 
2.258500e-01   6.020951e-24 
2.367400e-01   5.012301e-24 
2.476200e-01   3.696944e-24 
2.585100e-01   2.734327e-24 
2.721100e-01   1.897428e-24 
2.857200e-01   1.335280e-24 
2.993200e-01   9.527876e-25 
3.129300e-01   6.885669e-25 
3.401400e-01   3.731013e-25 
3.537400e-01   2.794098e-25 
3.809500e-01   1.616295e-25 
3.945600e-01   1.246962e-25 
4.081700e-01   9.704772e-26 
4.353800e-01   6.021226e-26 
4.625900e-01   3.842083e-26 
4.761900e-01   3.097821e-26 
4.898000e-01   2.511257e-26 
5.034000e-01   2.046571e-26 
5.170100e-01   1.675608e-26 
5.578300e-01   9.434914e-27 
5.714300e-01   7.850989e-27 
5.850400e-01   6.554352e-27 
6.122500e-01   4.612132e-27 
6.666700e-01   2.361300e-27 
6.802800e-01   2.009733e-27 
7.074900e-01   1.538904e-27 
7.347000e-01   1.159431e-27 
7.619100e-01   8.507330e-28 
7.891200e-01   6.300375e-28 
8.163300e-01   4.705043e-28 
8.435400e-01   3.540820e-28 
8.707500e-01   2.683827e-28 
9.115700e-01   1.793135e-28 
9.523900e-01   1.214672e-28 
9.932000e-01   1.332421e-28 
1.020400e+00   1.022440e-28 
1.061200e+00   9.086974e-29 
1.088400e+00   7.053117e-29 
1.102000e+00   6.226946e-29 
1.115700e+00   5.499882e-29 
1.129300e+00   4.868427e-29 
1.142900e+00   4.314918e-29 
1.156500e+00   3.829068e-29 
1.170100e+00   3.402021e-29 
1.197300e+00   7.801041e-29 
1.210900e+00   7.016671e-29 
1.224500e+00   6.315610e-29 
1.227200e+00   6.185666e-29 
1.229900e+00   6.058603e-29 
1.232700e+00   5.929812e-29 
1.235400e+00   5.808431e-29 
1.238100e+00   5.689744e-29 
1.240800e+00   5.573689e-29 
1.243500e+00   5.460162e-29 
1.246300e+00   5.345088e-29 
1.249000e+00   5.236602e-29 
1.257200e+00   4.921498e-29 
1.259900e+00   4.822282e-29 
1.262600e+00   4.725224e-29 
1.270800e+00   4.443183e-29 
1.281600e+00   4.099150e-29 
1.289800e+00   3.857191e-29 
1.292500e+00   3.780927e-29 
1.295200e+00   3.706290e-29 
1.298000e+00   3.630576e-29 
1.300700e+00   3.559137e-29 
1.303400e+00   3.489213e-29 
1.306100e+00   3.420774e-29 
1.314300e+00   3.221667e-29 
1.330600e+00   2.862060e-29 
1.341500e+00   2.645908e-29 
1.355100e+00   2.400620e-29 
1.360600e+00   2.308491e-29 
1.371400e+00   2.138522e-29 
1.382300e+00   1.980598e-29 
1.390500e+00   1.870073e-29 
1.395900e+00   1.800955e-29 
1.404100e+00   1.701226e-29 
1.406800e+00   1.669706e-29 
1.409500e+00   1.638815e-29 
1.415000e+00   1.577783e-29 
1.417700e+00   1.548726e-29 
1.420400e+00   1.520242e-29 
1.423100e+00   1.492328e-29 
1.425900e+00   1.463964e-29 
1.428600e+00   1.437161e-29 
1.431300e+00   1.410886e-29 
1.436700e+00   1.359881e-29 
1.439500e+00   1.334221e-29 
1.442200e+00   1.309972e-29 
1.444900e+00   1.286202e-29 
1.447600e+00   1.262893e-29 
1.450400e+00   1.239203e-29 
1.453100e+00   1.216814e-29 
1.455800e+00   1.194863e-29 
1.458500e+00   1.173334e-29 
1.461200e+00   1.152226e-29 
1.466700e+00   1.110488e-29 
1.469400e+00   1.090595e-29 
1.472100e+00   1.071089e-29 
1.477600e+00   1.032511e-29 
1.480300e+00   1.014123e-29 
1.488400e+00   9.610511e-30 
1.491200e+00   9.434063e-30 
1.496600e+00   9.103612e-30 
1.551000e+00   6.391839e-30 
1.632700e+00   3.826282e-30 
1.823100e+00   1.246952e-30 
2.340200e+00   8.913206e-32 
2.829900e+00   1.070797e-32 
3.047600e+00   4.541918e-33 
3.700700e+00   4.086990e-34 
