1.300000e-02   1.346952e-18 
1.320000e-02   1.204882e-18 
1.340000e-02   1.078998e-18 
1.430000e-02   9.951383e-19 
1.450000e-02   8.981845e-19 
1.500000e-02   7.005116e-19 
2.000000e-02   1.225207e-19 
2.500000e-02   4.788767e-20 
3.000000e-02   2.921288e-20 
3.500000e-02   1.481110e-20 
4.000000e-02   7.766935e-21 
4.500000e-02   4.129715e-21 
5.000000e-02   2.179855e-21 
5.500000e-02   1.134757e-21 
6.000000e-02   5.931297e-22 
6.500000e-02   3.213600e-22 
7.000000e-02   1.846739e-22 
7.500000e-02   5.348919e-22 
8.000000e-02   4.374267e-22 
8.500000e-02   3.465711e-22 
9.000000e-02   2.829718e-22 
9.523900e-02   2.190867e-22 
1.006800e-01   1.575476e-22 
1.142900e-01   6.941117e-23 
1.197300e-01   5.082725e-23 
1.224500e-01   4.357375e-23 
1.251700e-01   3.738633e-23 
1.278900e-01   3.209720e-23 
1.306100e-01   2.756872e-23 
1.333300e-01   2.368691e-23 
1.360600e-01   2.034513e-23 
1.469400e-01   1.111094e-23 
1.496600e-01   9.552717e-24 
1.551000e-01   7.061320e-24 
1.578200e-01   6.071006e-24 
1.605500e-01   5.216594e-24 
1.659900e-01   4.731652e-24 
1.714300e-01   3.595721e-24 
1.768700e-01   2.939795e-24 
1.795900e-01   2.572895e-24 
1.823100e-01   2.239578e-24 
1.850400e-01   1.941914e-24 
1.877600e-01   1.681822e-24 
1.904800e-01   1.455952e-24 
1.959200e-01   1.091626e-24 
1.986400e-01   9.453590e-25 
2.040800e-01   7.096383e-25 
2.068000e-01   6.152889e-25 
2.095300e-01   5.334981e-25 
2.122500e-01   4.630735e-25 
2.149700e-01   4.021542e-25 
2.204100e-01   3.037326e-25 
2.258500e-01   2.297830e-25 
2.367400e-01   1.534876e-25 
2.476200e-01   8.836496e-26 
2.585100e-01   5.027064e-26 
2.721100e-01   2.459056e-26 
2.857200e-01   1.185248e-26 
2.993200e-01   5.597601e-27 
3.129300e-01   2.563244e-27 
3.401400e-01   4.589004e-28 
3.537400e-01   1.680850e-28 
3.809500e-01   1.018299e-29 
3.945600e-01   5.359160e-31 
4.081700e-01   0.000000e+00 
4.353800e-01   0.000000e+00 
4.625900e-01   0.000000e+00 
4.761900e-01   0.000000e+00 
4.898000e-01   0.000000e+00 
5.034000e-01   0.000000e+00 
5.170100e-01   0.000000e+00 
5.578300e-01   0.000000e+00 
5.714300e-01   0.000000e+00 
5.850400e-01   0.000000e+00 
6.122500e-01   0.000000e+00 
6.666700e-01   0.000000e+00 
6.802800e-01   0.000000e+00 
7.074900e-01   0.000000e+00 
7.347000e-01   0.000000e+00 
7.619100e-01   0.000000e+00 
7.891200e-01   0.000000e+00 
8.163300e-01   0.000000e+00 
8.435400e-01   0.000000e+00 
8.707500e-01   0.000000e+00 
9.115700e-01   0.000000e+00 
9.523900e-01   0.000000e+00 
9.932000e-01   0.000000e+00 
1.020400e+00   0.000000e+00 
1.061200e+00   0.000000e+00 
1.088400e+00   0.000000e+00 
1.102000e+00   0.000000e+00 
1.115700e+00   0.000000e+00 
1.129300e+00   0.000000e+00 
1.142900e+00   0.000000e+00 
1.156500e+00   0.000000e+00 
1.170100e+00   0.000000e+00 
1.197300e+00   0.000000e+00 
1.210900e+00   0.000000e+00 
1.224500e+00   0.000000e+00 
1.227200e+00   0.000000e+00 
1.229900e+00   0.000000e+00 
1.232700e+00   0.000000e+00 
1.235400e+00   0.000000e+00 
1.238100e+00   0.000000e+00 
1.240800e+00   0.000000e+00 
1.243500e+00   0.000000e+00 
1.246300e+00   0.000000e+00 
1.249000e+00   0.000000e+00 
1.257200e+00   0.000000e+00 
1.259900e+00   0.000000e+00 
1.262600e+00   0.000000e+00 
1.270800e+00   0.000000e+00 
1.281600e+00   0.000000e+00 
1.289800e+00   0.000000e+00 
1.292500e+00   0.000000e+00 
1.295200e+00   0.000000e+00 
1.298000e+00   0.000000e+00 
1.300700e+00   0.000000e+00 
1.303400e+00   0.000000e+00 
1.306100e+00   0.000000e+00 
1.314300e+00   0.000000e+00 
1.330600e+00   0.000000e+00 
1.341500e+00   0.000000e+00 
1.355100e+00   0.000000e+00 
1.360600e+00   0.000000e+00 
1.371400e+00   0.000000e+00 
1.382300e+00   0.000000e+00 
1.390500e+00   0.000000e+00 
1.395900e+00   0.000000e+00 
1.404100e+00   0.000000e+00 
1.406800e+00   0.000000e+00 
1.409500e+00   0.000000e+00 
1.415000e+00   0.000000e+00 
1.417700e+00   0.000000e+00 
1.420400e+00   0.000000e+00 
1.423100e+00   0.000000e+00 
1.425900e+00   0.000000e+00 
1.428600e+00   0.000000e+00 
1.431300e+00   0.000000e+00 
1.436700e+00   0.000000e+00 
1.439500e+00   0.000000e+00 
1.442200e+00   0.000000e+00 
1.444900e+00   0.000000e+00 
1.447600e+00   0.000000e+00 
1.450400e+00   0.000000e+00 
1.453100e+00   0.000000e+00 
1.455800e+00   0.000000e+00 
1.458500e+00   0.000000e+00 
1.461200e+00   0.000000e+00 
1.466700e+00   0.000000e+00 
1.469400e+00   0.000000e+00 
1.472100e+00   0.000000e+00 
1.477600e+00   0.000000e+00 
1.480300e+00   0.000000e+00 
1.488400e+00   0.000000e+00 
1.491200e+00   0.000000e+00 
1.496600e+00   0.000000e+00 
1.551000e+00   0.000000e+00 
1.632700e+00   0.000000e+00 
1.823100e+00   0.000000e+00 
2.340200e+00   0.000000e+00 
2.829900e+00   0.000000e+00 
3.047600e+00   0.000000e+00 
3.700700e+00   0.000000e+00 
