1.300000e-02   1.534563e-18 
1.320000e-02   1.376032e-18 
1.340000e-02   1.235245e-18 
1.430000e-02   1.151125e-18 
1.450000e-02   1.041335e-18 
1.500000e-02   8.166329e-19 
2.000000e-02   1.488022e-19 
2.500000e-02   6.081418e-20 
3.000000e-02   3.901432e-20 
3.500000e-02   2.089372e-20 
4.000000e-02   1.159927e-20 
4.500000e-02   6.549445e-21 
5.000000e-02   3.682047e-21 
5.500000e-02   2.044010e-21 
6.000000e-02   1.137365e-21 
6.500000e-02   6.531223e-22 
7.000000e-02   3.958150e-22 
7.500000e-02   1.190723e-21 
8.000000e-02   1.027207e-21 
8.500000e-02   8.647526e-22 
9.000000e-02   7.553130e-22 
9.523900e-02   6.244895e-22 
1.006800e-01   4.775361e-22 
1.142900e-01   2.475687e-22 
1.197300e-01   1.945933e-22 
1.224500e-01   1.730179e-22 
1.251700e-01   1.540599e-22 
1.278900e-01   1.373464e-22 
1.306100e-01   1.225720e-22 
1.333300e-01   1.094835e-22 
1.360600e-01   9.782804e-23 
1.469400e-01   6.286401e-23 
1.496600e-01   5.636216e-23 
1.551000e-01   4.537477e-23 
1.578200e-01   4.074246e-23 
1.605500e-01   3.658639e-23 
1.659900e-01   3.667636e-23 
1.714300e-01   3.057383e-23 
1.768700e-01   2.757007e-23 
1.795900e-01   2.533890e-23 
1.823100e-01   2.316531e-23 
1.850400e-01   2.109769e-23 
1.877600e-01   1.918764e-23 
1.904800e-01   1.744739e-23 
1.959200e-01   1.444808e-23 
1.986400e-01   1.315378e-23 
2.040800e-01   1.092123e-23 
2.068000e-01   9.964586e-24 
2.095300e-01   9.097871e-24 
2.122500e-01   8.317679e-24 
2.149700e-01   7.611947e-24 
2.204100e-01   6.393591e-24 
2.258500e-01   5.390357e-24 
2.367400e-01   4.462424e-24 
2.476200e-01   3.271884e-24 
2.585100e-01   2.405584e-24 
2.721100e-01   1.656937e-24 
2.857200e-01   1.157385e-24 
2.993200e-01   8.197288e-25 
3.129300e-01   5.880170e-25 
3.401400e-01   3.139267e-25 
3.537400e-01   2.333614e-25 
3.809500e-01   1.330080e-25 
3.945600e-01   1.018557e-25 
4.081700e-01   7.868322e-26 
4.353800e-01   4.809091e-26 
4.625900e-01   3.022334e-26 
4.761900e-01   2.418210e-26 
4.898000e-01   1.945186e-26 
5.034000e-01   1.572914e-26 
5.170100e-01   1.277696e-26 
5.578300e-01   7.023436e-27 
5.714300e-01   5.796907e-27 
5.850400e-01   4.799889e-27 
6.122500e-01   3.321822e-27 
6.666700e-01   1.643805e-27 
6.802800e-01   1.387002e-27 
7.074900e-01   1.041062e-27 
7.347000e-01   7.696169e-28 
7.619100e-01   5.548935e-28 
7.891200e-01   4.036960e-28 
8.163300e-01   2.960888e-28 
8.435400e-01   2.187929e-28 
8.707500e-01   1.628013e-28 
9.115700e-01   1.057554e-28 
9.523900e-01   6.961941e-29 
9.932000e-01   7.330976e-29 
1.020400e+00   5.515732e-29 
1.061200e+00   4.747194e-29 
1.088400e+00   3.610835e-29 
1.102000e+00   3.155563e-29 
1.115700e+00   2.758528e-29 
1.129300e+00   2.416856e-29 
1.142900e+00   2.120077e-29 
1.156500e+00   1.861955e-29 
1.170100e+00   1.637164e-29 
1.197300e+00   3.732550e-29 
1.210900e+00   3.322086e-29 
1.224500e+00   2.958628e-29 
1.227200e+00   2.891653e-29 
1.229900e+00   2.826270e-29 
1.232700e+00   2.760128e-29 
1.235400e+00   2.697912e-29 
1.238100e+00   2.637186e-29 
1.240800e+00   2.577914e-29 
1.243500e+00   2.520063e-29 
1.246300e+00   2.461524e-29 
1.249000e+00   2.406436e-29 
1.257200e+00   2.247035e-29 
1.259900e+00   2.197036e-29 
1.262600e+00   2.148226e-29 
1.270800e+00   2.006899e-29 
1.281600e+00   1.835653e-29 
1.289800e+00   1.716026e-29 
1.292500e+00   1.678467e-29 
1.295200e+00   1.641776e-29 
1.298000e+00   1.604624e-29 
1.300700e+00   1.569651e-29 
1.303400e+00   1.535480e-29 
1.306100e+00   1.502100e-29 
1.314300e+00   1.405349e-29 
1.330600e+00   1.232118e-29 
1.341500e+00   1.129015e-29 
1.355100e+00   1.013041e-29 
1.360600e+00   9.697797e-30 
1.371400e+00   8.904396e-30 
1.382300e+00   8.172988e-30 
1.390500e+00   7.664803e-30 
1.395900e+00   7.348496e-30 
1.404100e+00   6.894342e-30 
1.406800e+00   6.751388e-30 
1.409500e+00   6.611562e-30 
1.415000e+00   6.336118e-30 
1.417700e+00   6.205396e-30 
1.420400e+00   6.077499e-30 
1.423100e+00   5.952404e-30 
1.425900e+00   5.825536e-30 
1.428600e+00   5.705915e-30 
1.431300e+00   5.588912e-30 
1.436700e+00   5.362392e-30 
1.439500e+00   5.248821e-30 
1.442200e+00   5.141704e-30 
1.444900e+00   5.036854e-30 
1.447600e+00   4.934289e-30 
1.450400e+00   4.830295e-30 
1.453100e+00   4.732155e-30 
1.455800e+00   4.636144e-30 
1.458500e+00   4.542195e-30 
1.461200e+00   4.450256e-30 
1.466700e+00   4.269014e-30 
1.469400e+00   4.182918e-30 
1.472100e+00   4.098613e-30 
1.477600e+00   3.932453e-30 
1.480300e+00   3.853493e-30 
1.488400e+00   3.626537e-30 
1.491200e+00   3.551385e-30 
1.496600e+00   3.411087e-30 
1.551000e+00   2.284223e-30 
1.632700e+00   1.271159e-30 
1.823100e+00   3.462909e-31 
2.340200e+00   1.406590e-32 
2.829900e+00   8.490840e-34 
3.047600e+00   2.459960e-34 
3.700700e+00   3.779499e-36 
