1.300000e-02   1.528503e-18 
1.320000e-02   1.370507e-18 
1.340000e-02   1.230197e-18 
1.430000e-02   1.146090e-18 
1.450000e-02   1.036712e-18 
1.500000e-02   8.128870e-19 
2.000000e-02   1.479582e-19 
2.500000e-02   6.039280e-20 
3.000000e-02   3.868708e-20 
3.500000e-02   2.068595e-20 
4.000000e-02   1.146540e-20 
4.500000e-02   6.463002e-21 
5.000000e-02   3.627185e-21 
5.500000e-02   2.010108e-21 
6.000000e-02   1.116698e-21 
6.500000e-02   6.403310e-22 
7.000000e-02   3.875667e-22 
7.500000e-02   1.165526e-21 
8.000000e-02   1.004241e-21 
8.500000e-02   8.441413e-22 
9.000000e-02   7.360165e-22 
9.523900e-02   6.075438e-22 
1.006800e-01   4.639195e-22 
1.142900e-01   2.395899e-22 
1.197300e-01   1.879989e-22 
1.224500e-01   1.670076e-22 
1.251700e-01   1.485755e-22 
1.278900e-01   1.323374e-22 
1.306100e-01   1.179940e-22 
1.333300e-01   1.052974e-22 
1.360600e-01   9.400002e-23 
1.469400e-01   6.017670e-23 
1.496600e-01   5.390129e-23 
1.551000e-01   4.331017e-23 
1.578200e-01   3.885100e-23 
1.605500e-01   3.485387e-23 
1.659900e-01   3.487769e-23 
1.714300e-01   2.901796e-23 
1.768700e-01   2.611930e-23 
1.795900e-01   2.398164e-23 
1.823100e-01   2.190288e-23 
1.850400e-01   1.992871e-23 
1.877600e-01   1.810740e-23 
1.904800e-01   1.644972e-23 
1.959200e-01   1.359646e-23 
1.986400e-01   1.236699e-23 
2.040800e-01   1.024913e-23 
2.068000e-01   9.342813e-24 
2.095300e-01   8.522309e-24 
2.122500e-01   7.784352e-24 
2.149700e-01   7.117344e-24 
2.204100e-01   5.967191e-24 
2.258500e-01   5.021635e-24 
2.367400e-01   4.142384e-24 
2.476200e-01   3.025582e-24 
2.585100e-01   2.215912e-24 
2.721100e-01   1.518912e-24 
2.857200e-01   1.055814e-24 
2.993200e-01   7.441442e-25 
3.129300e-01   5.311848e-25 
3.401400e-01   2.808056e-25 
3.537400e-01   2.077108e-25 
3.809500e-01   1.172168e-25 
3.945600e-01   8.931516e-26 
4.081700e-01   6.864987e-26 
4.353800e-01   4.153483e-26 
4.625900e-01   2.583507e-26 
4.761900e-01   2.056319e-26 
4.898000e-01   1.645366e-26 
5.034000e-01   1.323395e-26 
5.170100e-01   1.069225e-26 
5.578300e-01   5.781093e-27 
5.714300e-01   4.744791e-27 
5.850400e-01   3.906481e-27 
6.122500e-01   2.672536e-27 
6.666700e-01   1.291498e-27 
6.802800e-01   1.083141e-27 
7.074900e-01   8.018681e-28 
7.347000e-01   5.849789e-28 
7.619100e-01   4.165342e-28 
7.891200e-01   2.992034e-28 
8.163300e-01   2.166228e-28 
8.435400e-01   1.579745e-28 
8.707500e-01   1.159807e-28 
9.115700e-01   7.380868e-29 
9.523900e-01   4.757624e-29 
9.932000e-01   4.867156e-29 
1.020400e+00   3.608437e-29 
1.061200e+00   3.032207e-29 
1.088400e+00   2.271192e-29 
1.102000e+00   1.969440e-29 
1.115700e+00   1.708125e-29 
1.129300e+00   1.484787e-29 
1.142900e+00   1.292146e-29 
1.156500e+00   1.125758e-29 
1.170100e+00   9.818861e-30 
1.197300e+00   2.223856e-29 
1.210900e+00   1.963083e-29 
1.224500e+00   1.733862e-29 
1.227200e+00   1.691797e-29 
1.229900e+00   1.650812e-29 
1.232700e+00   1.609400e-29 
1.235400e+00   1.570501e-29 
1.238100e+00   1.532606e-29 
1.240800e+00   1.495656e-29 
1.243500e+00   1.459646e-29 
1.246300e+00   1.423259e-29 
1.249000e+00   1.389072e-29 
1.257200e+00   1.290444e-29 
1.259900e+00   1.259594e-29 
1.262600e+00   1.229531e-29 
1.270800e+00   1.142733e-29 
1.281600e+00   1.038109e-29 
1.289800e+00   9.654023e-30 
1.292500e+00   9.426464e-30 
1.295200e+00   9.204544e-30 
1.298000e+00   8.980173e-30 
1.300700e+00   8.769179e-30 
1.303400e+00   8.563423e-30 
1.306100e+00   8.362699e-30 
1.314300e+00   7.782750e-30 
1.330600e+00   6.751466e-30 
1.341500e+00   6.142387e-30 
1.355100e+00   5.462049e-30 
1.360600e+00   5.209759e-30 
1.371400e+00   4.749083e-30 
1.382300e+00   4.327162e-30 
1.390500e+00   4.035627e-30 
1.395900e+00   3.854900e-30 
1.404100e+00   3.596462e-30 
1.406800e+00   3.515377e-30 
1.409500e+00   3.436209e-30 
1.415000e+00   3.280627e-30 
1.417700e+00   3.206957e-30 
1.420400e+00   3.135016e-30 
1.423100e+00   3.064739e-30 
1.425900e+00   2.993604e-30 
1.428600e+00   2.926650e-30 
1.431300e+00   2.861228e-30 
1.436700e+00   2.734954e-30 
1.439500e+00   2.671769e-30 
1.442200e+00   2.612314e-30 
1.444900e+00   2.554186e-30 
1.447600e+00   2.497433e-30 
1.450400e+00   2.439962e-30 
1.453100e+00   2.385841e-30 
1.455800e+00   2.332985e-30 
1.458500e+00   2.281344e-30 
1.461200e+00   2.230875e-30 
1.466700e+00   2.131658e-30 
1.469400e+00   2.084648e-30 
1.472100e+00   2.038696e-30 
1.477600e+00   1.948355e-30 
1.480300e+00   1.905529e-30 
1.488400e+00   1.782832e-30 
1.491200e+00   1.742368e-30 
1.496600e+00   1.666974e-30 
1.551000e+00   1.072169e-30 
1.632700e+00   5.599708e-31 
1.823100e+00   1.295171e-31 
2.340200e+00   2.846796e-33 
2.829900e+00   5.557950e-35 
3.047600e+00   5.621374e-36 
3.700700e+00   0.000000e+00 
