1.300000e-02   1.521964e-18 
1.320000e-02   1.364539e-18 
1.340000e-02   1.224752e-18 
1.430000e-02   1.140647e-18 
1.450000e-02   1.031721e-18 
1.500000e-02   8.088385e-19 
2.000000e-02   1.470474e-19 
2.500000e-02   5.993837e-20 
3.000000e-02   3.833467e-20 
3.500000e-02   2.046254e-20 
4.000000e-02   1.132162e-20 
4.500000e-02   6.370304e-21 
5.000000e-02   3.568435e-21 
5.500000e-02   1.973848e-21 
6.000000e-02   1.094621e-21 
6.500000e-02   6.266790e-22 
7.000000e-02   3.787664e-22 
7.500000e-02   1.138579e-21 
8.000000e-02   9.796801e-22 
8.500000e-02   8.221204e-22 
9.000000e-02   7.154195e-22 
9.523900e-02   5.894485e-22 
1.006800e-01   4.493623e-22 
1.142900e-01   2.310894e-22 
1.197300e-01   1.809991e-22 
1.224500e-01   1.606391e-22 
1.251700e-01   1.427741e-22 
1.278900e-01   1.270477e-22 
1.306100e-01   1.131674e-22 
1.333300e-01   1.008907e-22 
1.360600e-01   8.997623e-23 
1.469400e-01   5.736731e-23 
1.496600e-01   5.133181e-23 
1.551000e-01   4.115974e-23 
1.578200e-01   3.688323e-23 
1.605500e-01   3.305347e-23 
1.659900e-01   3.300990e-23 
1.714300e-01   2.740524e-23 
1.768700e-01   2.461741e-23 
1.795900e-01   2.257770e-23 
1.823100e-01   2.059811e-23 
1.850400e-01   1.872137e-23 
1.877600e-01   1.699245e-23 
1.904800e-01   1.542063e-23 
1.959200e-01   1.271918e-23 
1.986400e-01   1.155705e-23 
2.040800e-01   9.558195e-24 
2.068000e-01   8.704032e-24 
2.095300e-01   7.931442e-24 
2.122500e-01   7.237198e-24 
2.149700e-01   6.610271e-24 
2.204100e-01   5.530638e-24 
2.258500e-01   4.644662e-24 
2.367400e-01   3.816176e-24 
2.476200e-01   2.775314e-24 
2.585100e-01   2.023772e-24 
2.721100e-01   1.379618e-24 
2.857200e-01   9.536984e-25 
2.993200e-01   6.684451e-25 
3.129300e-01   4.744910e-25 
3.401400e-01   2.480348e-25 
3.537400e-01   1.824380e-25 
3.809500e-01   1.017898e-25 
3.945600e-01   7.711636e-26 
4.081700e-01   5.893163e-26 
4.353800e-01   3.523980e-26 
4.625900e-01   2.165942e-26 
4.761900e-01   1.713534e-26 
4.898000e-01   1.362692e-26 
5.034000e-01   1.089250e-26 
5.170100e-01   8.745340e-27 
5.578300e-01   4.637982e-27 
5.714300e-01   3.781580e-27 
5.850400e-01   3.092720e-27 
6.122500e-01   2.087288e-27 
6.666700e-01   9.807127e-28 
6.802800e-01   8.165707e-28 
7.074900e-01   5.947707e-28 
7.347000e-01   4.270908e-28 
7.619100e-01   2.995556e-28 
7.891200e-01   2.118770e-28 
8.163300e-01   1.509953e-28 
8.435400e-01   1.083509e-28 
8.707500e-01   7.824595e-29 
9.115700e-01   4.854334e-29 
9.523900e-01   3.047868e-29 
9.932000e-01   3.009690e-29 
1.020400e+00   2.189981e-29 
1.061200e+00   1.785066e-29 
1.088400e+00   1.310835e-29 
1.102000e+00   1.125296e-29 
1.115700e+00   9.660298e-30 
1.129300e+00   8.311266e-30 
1.142900e+00   7.158075e-30 
1.156500e+00   6.171150e-30 
1.170100e+00   5.325547e-30 
1.197300e+00   1.193773e-29 
1.210900e+00   1.042321e-29 
1.224500e+00   9.104724e-30 
1.227200e+00   8.864153e-30 
1.229900e+00   8.630155e-30 
1.232700e+00   8.394303e-30 
1.235400e+00   8.173120e-30 
1.238100e+00   7.957994e-30 
1.240800e+00   7.748756e-30 
1.243500e+00   7.545190e-30 
1.246300e+00   7.339896e-30 
1.249000e+00   7.147453e-30 
1.257200e+00   6.594281e-30 
1.259900e+00   6.422066e-30 
1.262600e+00   6.254397e-30 
1.270800e+00   5.772462e-30 
1.281600e+00   5.195498e-30 
1.289800e+00   4.797414e-30 
1.292500e+00   4.673330e-30 
1.295200e+00   4.552555e-30 
1.298000e+00   4.430684e-30 
1.300700e+00   4.316383e-30 
1.303400e+00   4.205105e-30 
1.306100e+00   4.096767e-30 
1.314300e+00   3.785072e-30 
1.330600e+00   3.235847e-30 
1.341500e+00   2.914924e-30 
1.355100e+00   2.559895e-30 
1.360600e+00   2.429207e-30 
1.371400e+00   2.192169e-30 
1.382300e+00   1.976952e-30 
1.390500e+00   1.829405e-30 
1.395900e+00   1.738446e-30 
1.404100e+00   1.609070e-30 
1.406800e+00   1.568656e-30 
1.409500e+00   1.529305e-30 
1.415000e+00   1.452206e-30 
1.417700e+00   1.415830e-30 
1.420400e+00   1.380394e-30 
1.423100e+00   1.345844e-30 
1.425900e+00   1.310970e-30 
1.428600e+00   1.278218e-30 
1.431300e+00   1.246292e-30 
1.436700e+00   1.184887e-30 
1.439500e+00   1.154249e-30 
1.442200e+00   1.125492e-30 
1.444900e+00   1.097448e-30 
1.447600e+00   1.070127e-30 
1.450400e+00   1.042538e-30 
1.453100e+00   1.016605e-30 
1.455800e+00   9.913343e-31 
1.458500e+00   9.667188e-31 
1.461200e+00   9.427063e-31 
1.466700e+00   8.956661e-31 
1.469400e+00   8.734721e-31 
1.472100e+00   8.518334e-31 
1.477600e+00   8.094246e-31 
1.480300e+00   7.893905e-31 
1.488400e+00   7.322843e-31 
1.491200e+00   7.135392e-31 
1.496600e+00   6.787471e-31 
1.551000e+00   4.111544e-31 
1.632700e+00   1.948073e-31 
1.823100e+00   3.436137e-32 
2.340200e+00   1.719427e-34 
2.829900e+00   0.000000e+00 
3.047600e+00   0.000000e+00 
3.700700e+00   0.000000e+00 
