1.300000e-02   1.468566e-18 
1.320000e-02   1.315865e-18 
1.340000e-02   1.180353e-18 
1.430000e-02   1.096500e-18 
1.450000e-02   9.912445e-19 
1.500000e-02   7.760899e-19 
2.000000e-02   1.396263e-19 
2.500000e-02   5.617079e-20 
3.000000e-02   3.546947e-20 
3.500000e-02   1.866808e-20 
4.000000e-02   1.017834e-20 
4.500000e-02   5.638849e-21 
5.000000e-02   3.108080e-21 
5.500000e-02   1.691432e-21 
6.000000e-02   9.234308e-22 
6.500000e-02   5.211185e-22 
7.000000e-02   3.108907e-22 
7.500000e-02   9.291377e-22 
8.000000e-02   7.896582e-22 
8.500000e-02   6.529935e-22 
9.000000e-02   5.588122e-22 
9.523900e-02   4.531736e-22 
1.006800e-01   3.405813e-22 
1.142900e-01   1.686433e-22 
1.197300e-01   1.299170e-22 
1.224500e-01   1.143245e-22 
1.251700e-01   1.007343e-22 
1.278900e-01   8.885501e-23 
1.306100e-01   7.844675e-23 
1.333300e-01   6.931044e-23 
1.360600e-01   6.125116e-23 
1.469400e-01   3.762726e-23 
1.496600e-01   3.335080e-23 
1.551000e-01   2.623418e-23 
1.578200e-01   2.328191e-23 
1.605500e-01   2.066139e-23 
1.659900e-01   2.022220e-23 
1.714300e-01   1.645757e-23 
1.768700e-01   1.449016e-23 
1.795900e-01   1.315280e-23 
1.823100e-01   1.187660e-23 
1.850400e-01   1.068472e-23 
1.877600e-01   9.600709e-24 
1.904800e-01   8.625388e-24 
1.959200e-01   6.972402e-24 
1.986400e-01   6.272119e-24 
2.040800e-01   5.084612e-24 
2.068000e-01   4.584092e-24 
2.095300e-01   4.135329e-24 
2.122500e-01   3.735577e-24 
2.149700e-01   3.377726e-24 
2.204100e-01   2.769386e-24 
2.258500e-01   2.278872e-24 
2.367400e-01   1.799594e-24 
2.476200e-01   1.253884e-24 
2.585100e-01   8.752640e-25 
2.721100e-01   5.644658e-25 
2.857200e-01   3.687478e-25 
2.993200e-01   2.440193e-25 
3.129300e-01   1.633836e-25 
3.401400e-01   7.578764e-26 
3.537400e-01   5.244217e-26 
3.809500e-01   2.582051e-26 
3.945600e-01   1.834666e-26 
4.081700e-01   1.313407e-26 
4.353800e-01   6.865602e-27 
4.625900e-01   3.666723e-27 
4.761900e-01   2.697277e-27 
4.898000e-01   1.990727e-27 
5.034000e-01   1.473983e-27 
5.170100e-01   1.093857e-27 
5.578300e-01   4.518587e-28 
5.714300e-01   3.372892e-28 
5.850400e-01   2.518155e-28 
6.122500e-01   1.403718e-28 
6.666700e-01   4.314745e-29 
6.802800e-01   3.197898e-29 
7.074900e-01   1.792172e-29 
7.347000e-01   9.747426e-30 
7.619100e-01   5.092427e-30 
7.891200e-01   2.594802e-30 
8.163300e-01   1.277743e-30 
8.435400e-01   5.998140e-31 
8.707500e-01   2.632344e-31 
9.115700e-01   6.218477e-32 
9.523900e-01   8.701118e-33 
9.932000e-01   1.659169e-34 
1.020400e+00   0.000000e+00 
1.061200e+00   0.000000e+00 
1.088400e+00   0.000000e+00 
1.102000e+00   0.000000e+00 
1.115700e+00   0.000000e+00 
1.129300e+00   0.000000e+00 
1.142900e+00   0.000000e+00 
1.156500e+00   0.000000e+00 
1.170100e+00   0.000000e+00 
1.197300e+00   0.000000e+00 
1.210900e+00   0.000000e+00 
1.224500e+00   0.000000e+00 
1.227200e+00   0.000000e+00 
1.229900e+00   0.000000e+00 
1.232700e+00   0.000000e+00 
1.235400e+00   0.000000e+00 
1.238100e+00   0.000000e+00 
1.240800e+00   0.000000e+00 
1.243500e+00   0.000000e+00 
1.246300e+00   0.000000e+00 
1.249000e+00   0.000000e+00 
1.257200e+00   0.000000e+00 
1.259900e+00   0.000000e+00 
1.262600e+00   0.000000e+00 
1.270800e+00   0.000000e+00 
1.281600e+00   0.000000e+00 
1.289800e+00   0.000000e+00 
1.292500e+00   0.000000e+00 
1.295200e+00   0.000000e+00 
1.298000e+00   0.000000e+00 
1.300700e+00   0.000000e+00 
1.303400e+00   0.000000e+00 
1.306100e+00   0.000000e+00 
1.314300e+00   0.000000e+00 
1.330600e+00   0.000000e+00 
1.341500e+00   0.000000e+00 
1.355100e+00   0.000000e+00 
1.360600e+00   0.000000e+00 
1.371400e+00   0.000000e+00 
1.382300e+00   0.000000e+00 
1.390500e+00   0.000000e+00 
1.395900e+00   0.000000e+00 
1.404100e+00   0.000000e+00 
1.406800e+00   0.000000e+00 
1.409500e+00   0.000000e+00 
1.415000e+00   0.000000e+00 
1.417700e+00   0.000000e+00 
1.420400e+00   0.000000e+00 
1.423100e+00   0.000000e+00 
1.425900e+00   0.000000e+00 
1.428600e+00   0.000000e+00 
1.431300e+00   0.000000e+00 
1.436700e+00   0.000000e+00 
1.439500e+00   0.000000e+00 
1.442200e+00   0.000000e+00 
1.444900e+00   0.000000e+00 
1.447600e+00   0.000000e+00 
1.450400e+00   0.000000e+00 
1.453100e+00   0.000000e+00 
1.455800e+00   0.000000e+00 
1.458500e+00   0.000000e+00 
1.461200e+00   0.000000e+00 
1.466700e+00   0.000000e+00 
1.469400e+00   0.000000e+00 
1.472100e+00   0.000000e+00 
1.477600e+00   0.000000e+00 
1.480300e+00   0.000000e+00 
1.488400e+00   0.000000e+00 
1.491200e+00   0.000000e+00 
1.496600e+00   0.000000e+00 
1.551000e+00   0.000000e+00 
1.632700e+00   0.000000e+00 
1.823100e+00   0.000000e+00 
2.340200e+00   0.000000e+00 
2.829900e+00   0.000000e+00 
3.047600e+00   0.000000e+00 
3.700700e+00   0.000000e+00 
